PMID,Treatment,Diagnosis,Prevention,Mechanism,Transmission,Epidemic Forecasting,Case Report
32653511,0.7677690426068325,0.056767367836183524,0.005497402846371172,0.15651529202423015,0.0028523052224628774,0.00018234038136899494,0.010416249082551003
32427104,0.019644223144785377,0.03714012958501258,0.5542121673659992,0.0055877683607837144,0.04897272496501074,0.33332345259739554,0.0011195339810130746
32605414,0.00578107504938904,0.010254657979306933,0.9778342987923365,0.0002619245186230285,0.0036189164439195923,0.001334602753676997,0.0009145244627475883
33066278,0.6408329196479607,0.005122892853788688,0.0007095534123284961,0.35086317198914285,0.000946352359518106,0.0001783659546516836,0.001346743782609467
32303609,0.5881141133632786,0.06676871028973944,0.00501991521174954,0.32409005593643136,0.00421888104351753,0.00043895933928362853,0.011349364816000207
32974036,0.0036338563950944884,0.006950670239040367,0.9841607247869667,0.0003376608167858169,0.0030236780369905705,0.0007364569492201468,0.00115695277590249
32529409,0.007552872508026748,0.019137644684255137,0.955637441653313,0.0004975806265108453,0.010518166938371492,0.0006210786107818089,0.0060352149787417705
32854414,0.020600063250145066,0.03122785817406312,0.8794669064845158,0.007631913523007783,0.024259662706289445,0.031181834462771625,0.005631761399207319
32686571,0.03585113447303921,0.03945787170070624,0.90890367222359,0.002839802719065329,0.007115566898113525,0.001643196912041246,0.00418875507344496
33038592,0.29157116465574295,0.2998201584692325,0.19113169424127946,0.08964180347752204,0.03299872156171594,0.002075789205466033,0.09276066838904143
33009284,0.49216673023788615,0.28144540624406295,0.008752868172575659,0.17886575083054335,0.006702254879497255,0.001111000846259771,0.03095598878917508
32905055,0.1321423286191738,0.14822953507198072,0.6039072884591112,0.03273989415801276,0.04052787696440117,0.02405793703915253,0.018395139688167538
33058948,0.4506307590572006,0.028459852019603413,0.0008451652785159873,0.5102301457113542,0.0073628303851493776,0.00013391842855310518,0.0023373291196226737
32340900,0.008721663904132029,0.021314347901941633,0.9542312365438975,0.0005305014183404271,0.009346216748644567,0.0007092443178095616,0.005146789165234276
32419524,0.7122592838218187,0.07148772337947727,0.035591733925452104,0.15418140303740172,0.005045950935358043,0.0007577955841766042,0.02067610931631563
32682788,0.7031796859371923,0.02042475681601575,0.0011478584875576994,0.27021883908608024,0.004057075938213347,8.709773007961023e-05,0.0008846860048612048
32834600,0.003822135666561756,0.006536070914337615,0.788502378961812,0.001572800029871208,0.07436466761437016,0.12470646414764046,0.0004954826654069947
32413736,0.6139886524210986,0.044168812263999414,0.002716331649706251,0.329493761428037,0.0030382352387010865,0.00011364405589200138,0.006480562942564898
32655019,0.6681199470908087,0.021560306821670212,0.008787330655817167,0.2900632835305553,0.0025656289777172443,0.0009564350982004212,0.007947067825230532
32609622,0.026351388722647893,0.02917221551570073,0.9202313937203437,0.003779200821994584,0.009939813962790681,0.002786613058894439,0.007739374197628616
33039295,0.0055120781780911045,0.010954601837448745,0.9761551918312805,0.00026670336241166234,0.004766990490890428,0.0009008711776867818,0.0014435631221899085
32633327,0.5210597782267358,0.18971931306358586,0.026434727509733993,0.1910715014429947,0.009955901536858033,0.0020828712152436424,0.059675907004848455
32817232,0.07970413776977202,0.6844880661539235,0.1436021094549974,0.020602179730457602,0.043917797109536874,0.011543973760343839,0.016141736020968023
32851612,0.00594737303185586,0.01243664899023609,0.9680709380177823,0.00043322156845760045,0.003778026160344759,0.0005694715830871504,0.0087643206482368
32768467,0.20669607898500328,0.22863251870966417,0.27514365229235066,0.0754768118416081,0.03210372847158067,0.01205863465699314,0.16988857504279983
32825763,0.24514657269934567,0.6213301222711505,0.03667033045079384,0.06258477165691848,0.015971637812419504,0.00420034211103151,0.014096222998340926
32900417,0.023070162263364984,0.17980226467257704,0.6952743862384663,0.003602672935759281,0.056723166498597884,0.03215472074044834,0.009372626650786677
32582741,0.16167753222906972,0.17362619727198136,0.5254436557390455,0.04433695549342281,0.04629490358627877,0.011934008803167051,0.03668674687703378
32276501,0.10036700362428937,0.17141646901857857,0.5462551563371273,0.033439291235156224,0.06184655403908937,0.06307096250348929,0.02360456324227019
33020069,0.5789487364794536,0.15942061379055308,0.18332577648505877,0.03491124546953598,0.00972812943952865,0.001729970849137174,0.031935527486732805
33010487,0.03996468198863887,0.04708318421927726,0.8807893768527998,0.004324550708498932,0.01762367798130625,0.002748146748610665,0.007466381500867982
33079448,0.10881545760753839,0.1154935062376364,0.6892757153663029,0.019102378419253902,0.02638210003733768,0.037954331967272464,0.002976510364657915
32751841,0.509478518654728,0.08700463600714638,0.002705178555977363,0.3788126959766363,0.007012015121191882,0.00019068062267255825,0.014796275061647783
32853469,0.5723001823397437,0.10380852861984147,0.04794947609799756,0.24776818593006655,0.013975462964067714,0.006026768045048303,0.008171396003235482
32837601,0.11086863702680798,0.09878618169299135,0.7533903173962694,0.008801450325045503,0.011245372585781939,0.0014054225440861686,0.01550261842901702
33021869,0.019388501919093512,0.04074004862253146,0.8937224250696199,0.001980157828907739,0.011058742162849482,0.0012479646039941202,0.03186215979300326
32641394,0.019401625301761836,0.05929095076672924,0.8702172904845303,0.0016040618218392429,0.011666453942539774,0.0016483928463286689,0.03617122483627082
32768938,0.3247044073543071,0.4591451831854978,0.024192308423709428,0.0937555161336899,0.016863351764779908,0.000728146849991009,0.0806110862880252
32398402,0.04805816170280746,0.05460479990633902,0.8623132707592477,0.00587396567833861,0.013704751538084124,0.0024579764670487948,0.012987073948134673
32423791,0.06931224943059364,0.1256261343173995,0.06177669109362504,0.03003748720865916,0.027575973437839067,0.006432244796165524,0.6792392197157188
32682453,0.16107513255154154,0.13340787141908064,0.5572351753884163,0.056728949671484515,0.034311124062653825,0.05270778354495592,0.004533963361866907
32376612,0.39613052516262115,0.2748695853192187,0.10724855252925306,0.1551287227247336,0.017159523630977832,0.004652654626718016,0.044810436006477265
32970745,0.24092819527541495,0.1711901381365413,0.3990779667097226,0.08529887372264951,0.06555615443206099,0.03409101467129984,0.003857657052309994
32839091,0.014175550275872917,0.027589140292424,0.9423548522593057,0.001621574461325518,0.008334718129998649,0.0019166951956116856,0.004007469385461423
32907635,0.41202744819063947,0.1305423163665144,0.3683774733024167,0.030825719627503762,0.018292871577250285,0.0025802207540159584,0.037353950181659865
32553873,0.19315851700074083,0.2465104383874866,0.21799260525551212,0.06064170992105959,0.02152140586110626,0.007847281152458087,0.2523280424216367
32889236,0.5409965984648473,0.18453186094166563,0.008721672674999844,0.20663792564311081,0.004878502301788639,0.0010171260116017392,0.05321631396198594
32495323,0.1646459502340497,0.18251190223194866,0.5771418119597069,0.015447695569570149,0.018478005846029225,0.007212625656411481,0.0345620085022841
32740371,0.18559959555473396,0.5473445217244024,0.16837020186446305,0.013338778496895281,0.011662390823252395,0.0016953843750387744,0.07198912716121493
32805629,0.030409113398833704,0.05173211894420009,0.8429167950651861,0.007866591110384503,0.025851191588452935,0.031249621592256832,0.009974568300686234
32383284,0.03967534112513147,0.21748256549631229,0.2763856702632636,0.003309351271849261,0.021897324721042215,0.0021002582767718696,0.4391494888456286
32407719,0.4501313954575403,0.2613062390465224,0.16028800338299956,0.07127535751437059,0.014081811304627012,0.002207975924912247,0.04070921736902848
32978173,0.005775098886716784,0.014769899375567505,0.9707192018132221,0.00035562441108950155,0.006219757824014831,0.0015911339894885983,0.0005692836999003481
32750114,0.021069975736950037,0.037199729358216235,0.9215663565522426,0.0036163889793773933,0.01031658165085719,0.0038051745594219694,0.0024257931629350694
32645644,0.33030894485238693,0.2631548285724441,0.16604032353840417,0.07429636262853355,0.025665895523331293,0.008837021759685966,0.13169662312521416
32938609,0.018640345453922017,0.03997896896754019,0.9034620398804849,0.0028628047935435573,0.017714465140830315,0.010328614231613832,0.007012761532065299
32792417,0.7107861667875389,0.08251914239340503,0.09794754023376535,0.08944214102697513,0.009891603785907595,0.0014312412554232366,0.007982164516984129
32453483,0.0815962126373502,0.16211727709679272,0.12948170999829586,0.02130664681913591,0.03039753635077159,0.01046526227197346,0.564635354825681
32831536,0.08018861290861405,0.1137338787114449,0.11933598714506793,0.05619661579472442,0.09478970972980193,0.018021569448531716,0.5177336262618156
33014364,0.5513320717960679,0.11833891735062145,0.19166657389867658,0.10076717483281354,0.017759751661188754,0.004148036016092152,0.015987474444538994
32977564,0.08210281315242275,0.09911165255301062,0.7364145566754783,0.023930020048192013,0.02643065896005832,0.017796235960503417,0.014214062650334668
32506762,0.078903012547257,0.15659000660600975,0.5945494278516542,0.01320248220117569,0.046453491799587424,0.03892544468311121,0.07137613431120451
32689926,0.012654357068843896,0.02911941684464349,0.9292292097677703,0.0010630153089776517,0.01978603208644699,0.0009790494457995952,0.0071689194775178535
32578794,0.13477904656471462,0.5297238228157571,0.17390780275208817,0.022364781645439716,0.10777820823755796,0.008982432879314627,0.022463905105127493
32983347,0.3124441761923262,0.2535982545862666,0.19027143165707366,0.1157246498871616,0.0251079780614215,0.003138684862898035,0.09971482475285236
32328170,0.014826277324730651,0.05282040060225177,0.6679944475841837,0.0012595211215789188,0.020500941553276773,0.0028410919467423404,0.23975731986723645
33004712,0.738833516847431,0.030223335399733774,0.003540639244232647,0.22286874788550506,0.0013773556327707542,0.0001666670129392232,0.002989737977387475
33062082,0.1425066642281607,0.48376297417959896,0.13405370547462672,0.02931331389766041,0.050772649574245154,0.008749147788027035,0.1508415448576813
32946641,0.004847823907638863,0.006719395971035172,0.9744493908498545,0.0008009789180837871,0.009237274110525854,0.003296117845108847,0.0006490183977521068
32411315,0.02306580658229674,0.04378701604490962,0.9018314180968814,0.002502465824909442,0.021492782017788464,0.0014083286582410109,0.005912182774973461
33000526,0.017642912571088194,0.05739339443308553,0.023316529907409744,0.0038130994253939084,0.017188826012862334,0.003771723320684008,0.8768735143294761
32601708,0.49971110256370993,0.18786995123978759,0.016433065035483398,0.17546196469152167,0.00731777845869854,0.0019669311793776697,0.11123920683142034
32746913,0.024329222833866335,0.047067889913345116,0.9028311342242372,0.0023748612480364124,0.014379644263573752,0.0038340810710541092,0.005183166445887128
32791382,0.057334166428718934,0.7745129168025182,0.10398723799399137,0.015037291830523531,0.02568609718132135,0.003283684506379764,0.020158605256546933
32517815,0.0012523072255937902,0.002755231671926025,0.9743883876800559,0.00020435210318694855,0.010156380136270099,0.01094809445307023,0.0002952467298977637
32179106,0.023652208001814726,0.0563242875331864,0.870160186391282,0.0024170258312668502,0.026842430600317674,0.013011179668850027,0.007592681973282268
33046288,0.018039270640231326,0.043548502434940635,0.9063967411041889,0.001274043134356336,0.020562036268877638,0.0019233032787026514,0.008256103138702184
32534042,0.1164006615740668,0.6565625271277163,0.08105395990429548,0.045741852207648946,0.039994839493367476,0.0018985163115183155,0.05834764338138611
32889227,0.049942398739712436,0.07868424868284775,0.741845657411827,0.008440438382191759,0.033133062996940535,0.08587234441943568,0.0020818493670442897
32805566,0.13245442511714087,0.3813524375954881,0.1314310848754985,0.0972537802217073,0.22318634514701352,0.004811022806793807,0.029510904236357726
32837145,0.0693905605589213,0.07260475345627469,0.8063919388370047,0.017578696959966986,0.0159367383449433,0.008772632757296091,0.009324679085593302
32548597,0.10474709956320652,0.07148821987330636,0.7442366000458865,0.031271195213267204,0.02091015858753656,0.017629232707013998,0.009717494009782475
32510748,0.26327644469185807,0.06743528740861768,0.561249342407471,0.05706074419867383,0.029434355756270396,0.01752011903890746,0.004023706498201523
32696396,0.6847790300588826,0.01769568874722074,0.0010412162596048111,0.28940106474203564,0.0015863830904060388,0.00012758719103141697,0.005369029910819467
33043314,0.08225896633963714,0.11024754274565533,0.7519032411452053,0.009820656422971216,0.026956849598413064,0.00889280126648096,0.00991994248163768
32716230,0.12929903516701896,0.166588649421122,0.5027107257708336,0.05550539082492019,0.11423926951478525,0.009689417368578904,0.02196751193274082
32094589,0.4152258268946932,0.022469881560408505,0.0018230367998289534,0.5483258754064114,0.010525267788743502,0.00019019705291875905,0.0014399144969948982
32564983,0.00505714492357614,0.01573849637234853,0.9480374974922853,0.0009683479341047768,0.017359555660466475,0.011396111456716766,0.0014428461605018304
32496252,0.09072583006835587,0.18592504012066816,0.5316742465698391,0.011810234902095368,0.02946582178519851,0.01021988944975751,0.14017893710408585
32642834,0.019231526605829413,0.03296959271274976,0.9356652986532419,0.0011572522056272326,0.00470147582242082,0.000888937009258716,0.005385916990871688
32382932,0.05652276937214887,0.08216154919379778,0.8123578232337546,0.00836454031076667,0.023291549660114243,0.008889964840829743,0.008411803388588258
32560665,0.6169970020798867,0.029836876051229592,0.0011572804596578026,0.34571525904519945,0.0013653388190122376,7.874806235743685e-05,0.004849495482657555
33040272,0.34890467583504203,0.18255595168699035,0.18363142440156766,0.21076247370708506,0.045097072487832485,0.0027676959255189195,0.02628070595596355
32966822,0.019321232842007378,0.034415766992826766,0.899041475345752,0.002593499153246381,0.011277004418956354,0.001804148488946805,0.031546872758264025
33002544,0.013084297476155304,0.01953300395751636,0.9455026775693244,0.0027705977140536522,0.007801599900434243,0.007194709465300438,0.004113113917215223
32931058,0.4348789919001757,0.1612976228633824,0.1174992294851416,0.20660683142089623,0.01613259799983489,0.008293133452779981,0.05529159287778926
33073216,0.17765557272824822,0.12364105831701645,0.5744578941210707,0.06374677814631352,0.017994559536934296,0.010220333275839143,0.03228380387457762
32880453,0.178560547672834,0.6776661764974913,0.07139686481275351,0.039671973386715464,0.014334004015274413,0.0010095198975669894,0.01736091371736469
32497283,0.15289649429794452,0.2546785807170013,0.20541540101518743,0.035085403364985224,0.04785830689911003,0.011589074934854877,0.2924767387709159
32778891,0.6229113241218176,0.020015182889265213,0.002811848678998383,0.3500606464394584,0.002600481886534951,0.0004729993918097611,0.0011275165921163263
32762374,0.2545406762833617,0.18083863808911987,0.3241838462886178,0.12959177714185593,0.03177013373824678,0.01883431641651579,0.060240612042282274
32731282,0.2662901863682466,0.22775968873033967,0.3681450758613265,0.06268729628025352,0.024395198839694186,0.002689720175293359,0.04803283374484634
32833781,0.2096538817050265,0.2021541984136068,0.38581119460574564,0.06548646626132343,0.017307368935766107,0.008231910597941755,0.11135497948058946
32938349,0.687315030448979,0.04607704699179421,0.043934188944526775,0.21138316014762962,0.005683219669401904,0.0008918596967805684,0.004715494100888105
32991329,0.4697147184626206,0.14795427982064993,0.004904847482920459,0.3579135496252819,0.012676046537262257,0.0009421549650533483,0.005894403106211365
32799761,0.6465811360324467,0.005547140697852759,0.0014321938390626295,0.3432328958348522,0.001704646789488305,0.00042447727213469193,0.0010775095341625282
32719202,0.16153371080475562,0.1736472784225257,0.5507383097442352,0.040810495698468174,0.037117356514005405,0.008626366043227215,0.027526482772781996
32778622,0.08894335783807493,0.07496375228633236,0.798286139088697,0.010424881431108373,0.018308108869838947,0.004822839827714773,0.004250920658233583
33032575,0.12343183618654481,0.22698825593060565,0.3474999276883346,0.035406885805449206,0.06491739997549488,0.024403753521102967,0.17735194089246803
32568724,0.0061486761567880015,0.01102128914390319,0.9763159877064513,0.0005398439945736397,0.0028862361450819776,0.0006875346356599693,0.0024004322175414324
33062077,0.481119667406265,0.21736027268646851,0.013677306536146076,0.21944780481984275,0.015988812692778874,0.000498199066424601,0.051907936792073985
32341622,0.40606617464782624,0.12789074604676184,0.024968219032030725,0.3758199919318397,0.058420118136686676,0.0015192324180499123,0.005315517786805238
32565899,0.026232039193375033,0.048365729018654824,0.8838525795171652,0.0037873462796507444,0.018678349926747873,0.013285330050799597,0.005798626013607565
32894859,0.13582095328654184,0.22275908732881997,0.5902545900523087,0.016176818147772956,0.013714146880750866,0.015883589774633677,0.0053908145291718815
32905141,0.004640991498433713,0.013097574239011516,0.965493680905744,0.00034805819949520616,0.0065869521748532205,0.0015294425740312939,0.008303300408430307
32881593,0.5689368809389588,0.09191177397541272,0.13715476297807486,0.17309252311588055,0.010741176705300275,0.0021042831216250336,0.016058599164747608
32466392,0.03518035114037685,0.03516512807591696,0.8822868874897986,0.004925601793066936,0.03476783276415827,0.003048735240271412,0.0046254634964110666
33077917,0.3119681319378318,0.35327577027482954,0.025302108538788892,0.08488579760741774,0.015197363195561609,0.0010070350796638917,0.2083637933659061
33015823,0.14437703644528027,0.706364775949519,0.011458590793407249,0.032535814152389694,0.009706828433734037,0.0006778724850852847,0.0948790817405849
32462267,0.6207333405329425,0.09057941435234114,0.006434398024004231,0.26685761195625785,0.008528963996079131,0.00024971993213240086,0.006616551206241962
32651900,0.4587696172612862,0.03403970361749925,0.003467412027472132,0.48152646205255134,0.018104008532870808,0.00034188989070249126,0.0037509066176183064
32669540,0.1893830351989352,0.17755732237406704,0.45704053822999424,0.050797464921135085,0.031231424671114224,0.09101289998615665,0.0029773146185972234
32582328,0.2160742560925891,0.1703664531976306,0.5117765641790675,0.03858248729708588,0.016731589782112987,0.002803561505275019,0.04366508794623832
32894654,0.05977817256513483,0.5403057967307723,0.2642922224115973,0.01280456892102915,0.04947385961610563,0.0060334535314657736,0.06731192622389438
32413319,0.4001717867679961,0.010624344691690518,0.00028880889587297334,0.5840900055010125,0.004245501995667769,4.685705535568625e-05,0.0005326950924035762
32750889,0.4160380425026334,0.011559471476751371,0.0003538569394213495,0.5669267944354803,0.004569917738931037,8.037167909337209e-05,0.00047154522769006296
32476574,0.5115688151741021,0.0031251142762584385,6.710496039665379e-05,0.4841809117708948,0.0009255169762862438,4.0251339962994894e-05,9.228550209931079e-05
32708495,0.17420026509426023,0.10974940497072908,0.6387309928223287,0.04163500304220926,0.014457022419917146,0.005028536370341131,0.01619877528021402
33031467,0.19677908109331774,0.07064829256869179,0.5893752138032036,0.06220144313664028,0.04899388525505929,0.021353951730045305,0.010648132413041734
32981448,0.008512423447497478,0.008572532849218826,0.9607539857246913,0.0016853245310850284,0.013049476376155816,0.006585137036950047,0.0008411200344017632
32361692,0.4724532634823843,0.07835003113579063,0.0031342966376449975,0.427560890167006,0.01325132145835696,0.0003564924755269076,0.00489370464328997
32857836,0.27250129299989456,0.1932743253398393,0.2999884304849746,0.10882904591083735,0.06993633804183967,0.051509026280982306,0.003961540941632166
32665962,0.4500432587000475,0.017427432308043368,0.0011956034915282991,0.5224700783141542,0.00707308673377119,0.0002277897191017751,0.0015627507333537327
32964098,0.3187051621380871,0.1381480942532731,0.43937903491110236,0.05796820432373975,0.026877134219545802,0.00529337660630463,0.013628993547946975
32452670,0.4236196082192413,0.24167784546009197,0.10111959665353595,0.1475240786572521,0.024657217272130705,0.010676741523974197,0.05072491221377454
32234464,0.20045509963066593,0.12386522777151239,0.48773167906583836,0.09512319135014514,0.06284286991957724,0.01912001860443045,0.010861913657830326
32745177,0.03571281943274933,0.07961407266418034,0.7982536660488777,0.006432878569754331,0.06215721688079829,0.002877319547981265,0.014952026855659674
32963090,0.5260858877818132,0.11285655433100147,0.03625878766409554,0.2874200299217081,0.021417061584025125,0.005366027137118076,0.0105956515802381
32835294,0.22913357393161995,0.2923515921068036,0.17813512823971075,0.08814746808694247,0.045831515960866466,0.005487839375346509,0.1609128822987099
32880722,0.008205149737692272,0.015678408688233413,0.9555917089961633,0.0022554759832770785,0.007123735735401273,0.005363625080325943,0.005781895778907605
32899439,0.5247229696336838,0.07562284329256484,0.012196884420400086,0.36000002102823975,0.019622577063853612,0.0011220165305706067,0.006712688030687917
33009081,0.21412839678120416,0.27438174380006153,0.16877942548978295,0.0686789731790138,0.02419526603004685,0.005537329715287237,0.24429886500460365
32697126,0.004297635799632534,0.007090262416606822,0.9579460312043908,0.0008859596128596944,0.015739331962198466,0.013740360450715595,0.0003004185535970812
32908494,0.4744850592211119,0.21806914601153235,0.02353335530968364,0.16469282328796073,0.009838587677118964,0.0020531874974382904,0.10732784099515413
32837878,0.025761343143067345,0.07051067313325197,0.06430033274850896,0.006359094382210757,0.026498520702956132,0.006935360712952649,0.7996346751770519
32887592,0.019875717889847426,0.03958224016267274,0.9168568041042994,0.0021283086327738153,0.008957075327974516,0.00413217771793974,0.008467676164493008
33045235,0.29168155928511424,0.32825641733817645,0.1268620755488437,0.16166879231885886,0.03951089974429691,0.0022744386909499753,0.04974581707375994
32728975,0.5967933139955605,0.11108215880533293,0.03612616728931843,0.22992610989001167,0.009620842023114475,0.0006708518031139075,0.015780556193547398
32541245,0.5043866050430337,0.09996171580459538,0.020518601650707766,0.3454982014463161,0.00824248275406383,0.0012363402622289626,0.020156053039054593
32394481,0.5965246629365102,0.07342069669214529,0.1714140954434629,0.13498740741541868,0.008160116717716128,0.0024709569625400558,0.013022063832206318
32656888,0.515995182730058,0.1469811470507149,0.006761129511734587,0.2892817391226567,0.006219258231786795,0.0011456848661901369,0.033615858486859045
32216114,0.5628414988142215,0.022587743970619106,0.002324551961071366,0.4034410667117433,0.004145117374397364,0.0006656706532255887,0.0039943505147224615
32562912,0.2629868691365497,0.22538170358863965,0.38992769887140283,0.052508484197951066,0.033534370365597505,0.007678644256672629,0.02798222958318715
33001577,0.0510346234118345,0.5276836480423265,0.04536830005896944,0.008762430343900968,0.008985313741098956,0.0016870642199461924,0.3564786201819238
32973814,0.655973131751348,0.0309780964995242,0.003107422742431962,0.29685170596604626,0.002422523326844444,0.0005776742939233567,0.010089445419881026
32874906,0.36313990176821637,0.3855066365336568,0.027588613993021427,0.08398539655054255,0.019573622161756562,0.0017068059996729439,0.11849902299313259
32758864,0.029091057355981546,0.04590930558349435,0.8600745939812247,0.007618749273314216,0.03289869034876702,0.007468294851112153,0.01693930860610614
32616763,0.5901706328883938,0.02353253898271804,0.004000907641738991,0.3753149382461068,0.005356391576117031,0.0004796185773781359,0.0011449720875466318
32870239,0.18891091986343245,0.3360664227807915,0.17234432505486225,0.11595517877265157,0.1408473098153129,0.0036346051043207694,0.04224123860862782
32590819,0.47107850324894107,0.27083462143737086,0.03003353697021217,0.08777445584736385,0.008504930845449265,0.001359533467368625,0.13041441818329438
32951577,0.6590790029920979,0.012141403906052612,0.0008136459672149684,0.32535938792606656,0.0014177838035671503,7.496890556473465e-05,0.001113806499436637
32340583,0.3226676064823491,0.1800629220746017,0.38505857202296195,0.061473506275980964,0.014291639073499233,0.0024726045655283943,0.033973149505078536
32605780,0.6381356675169436,0.10301800419412706,0.05690994028257322,0.14751903267611086,0.025269763212985595,0.002588620939719197,0.026558971177540396
32415348,0.012525563207093738,0.02259612102339581,0.9382405317916219,0.0010285049897369907,0.0072629239923260765,0.0009234162556747087,0.017422938740151203
32654885,0.07671484845725648,0.10186830706947904,0.7604916975442041,0.011127925956573106,0.022603821196442758,0.008010901514378627,0.019182498261666757
32589645,0.10458194397156723,0.18272560996102916,0.4653021392820824,0.02377973979534065,0.06386890602718141,0.026274816455660037,0.13346684450713875
32427529,0.012966807797727575,0.016835954465436273,0.9551263263706395,0.001888276375739654,0.005119949370047459,0.0027091369589264985,0.005353548661482343
32453494,0.38311064014969,0.10962475827273328,0.06674081363377535,0.33861337057347335,0.08138989611481706,0.007035970605063192,0.013484550650447466
32187464,0.6337550285251723,0.14939803433004437,0.1335166623135843,0.0512647700236226,0.010022381702431572,0.0011254366865224158,0.020917686418622832
32733733,0.39120464609841704,0.315602666871822,0.10309522409926036,0.09446036436164598,0.01961099678733562,0.0010106741500645364,0.07501542763145368
32360733,0.03151909546132856,0.04347747677030632,0.8980266415458779,0.002671369770573936,0.014487574582437449,0.006781678118359575,0.0030361637511168165
32703816,0.15565408732985545,0.5507629013988604,0.172164464408146,0.04850128716285976,0.04403544311196351,0.0015626065561140444,0.02731921003220004
33015424,0.06117164138776169,0.13673678759324118,0.3451082015736227,0.011616013626254381,0.048658619077385216,0.39433218773534623,0.0023765490063887623
32316979,0.23503296551086683,0.10441184267400859,0.4887102292273597,0.10761280893861133,0.049112897161026535,0.005243730503026007,0.009875525985101203
32837568,0.17765557272824822,0.12364105831701645,0.5744578941210707,0.06374677814631352,0.017994559536934296,0.010220333275839143,0.03228380387457762
32654921,0.38593179041155384,0.326846030315298,0.11489984742532602,0.06801318139701157,0.014422855056546429,0.0012320710242546109,0.08865422437000937
32529517,0.4277438305499841,0.19638696771925115,0.09225065376681969,0.20661169968323695,0.01622172138887664,0.004005682982134129,0.05677944390969741
32405329,0.042975424844513076,0.14191977840018777,0.06653017076328782,0.019172603260711407,0.09847043545122389,0.0061645536753674865,0.6247670336047089
32656711,0.4646543256505131,0.16315833348876824,0.11159982718883096,0.15038253232118984,0.018819326981534164,0.005796527719370472,0.08558912664979283
32442287,0.5286632965352069,0.11551069225059817,0.009291824421322835,0.32375989428097907,0.009797322715872695,0.0008021414518796653,0.012174828344140541
32862111,0.6331845952687793,0.12396086031506257,0.12323525159343506,0.08005408309187324,0.01627794844852876,0.006552356880603611,0.016734904401717786
32425489,0.05094238473441079,0.1429358831287732,0.45242844093699447,0.008646029468944962,0.05749269020605799,0.007343796209527563,0.28021077531529176
32712629,0.587844357541934,0.041394431089123024,0.0037134431532927998,0.35394452179661634,0.003070350354939437,0.0003917526916654125,0.009641143372429566
32290644,0.1327013734077724,0.19316656426877518,0.564139870740247,0.012500587673135099,0.016762739347706154,0.007284941305315661,0.07344392325704886
32445872,0.48416503730411664,0.02943717684038498,0.003525755459816413,0.469861966371338,0.010382579034472246,0.0003599793840935577,0.0022675056057783393
32376392,0.7020854062510216,0.04459777674171612,0.003725504413345865,0.23452957495805268,0.0017306950934790127,0.0006048933309860223,0.012726149211398714
32595353,0.5649952454977764,0.15263017288259356,0.011924979442277541,0.2497997837901248,0.009191798982738277,0.00044598652912889304,0.011012032875360846
32489708,0.5044359345883134,0.14540551365960233,0.02737361825441706,0.2835227607912276,0.009542117292733406,0.0013786677153875243,0.028341387698318357
32607399,0.025542844603521814,0.03966536846065882,0.9119905284597747,0.002905676022780298,0.009347752329919815,0.0026069588685491466,0.007940871254794967
32785710,0.5729357805225204,0.23340283530921774,0.07953915367733258,0.06180698632680443,0.013685412122836978,0.001173220534770524,0.03745661150651718
32449043,0.013703699908322473,0.02158968615182088,0.9504509091891181,0.0009209524569012124,0.0055315328836487805,0.00114771209047969,0.00665550731970905
33043967,0.4761354128069558,0.05224190420906601,0.004886222610276762,0.44277927762462543,0.016148351688813845,0.0004482902029167905,0.00736054085734577
32791999,0.09210942516040957,0.27782772981820447,0.4052469241306474,0.0162468516143272,0.09160052767168264,0.09185866792603964,0.02510987367868942
32617527,0.5438992100646144,0.005678702564149805,0.0003942435505160178,0.4480232770343491,0.0013581721934510245,0.00010136605557310527,0.0005450285373471052
32508193,0.08415019282659565,0.6852322822776349,0.1404324920470975,0.02106242154104565,0.029302876148731567,0.02270438869104176,0.017115346467852184
32388565,0.5590279194353147,0.038444049275767625,0.005952333423706404,0.37781681890362595,0.012697637528982989,0.0017867924321505145,0.0042744490004520816
32873749,0.007147333775244283,0.017938971637745504,0.9655519203086234,0.00023723947743261914,0.00447466903067061,0.0004043935500048337,0.004245472220278775
32889160,0.08099100476034768,0.15653024295876683,0.1877052294857424,0.021125478223035347,0.04266414281677551,0.022042153812192475,0.4889417479431399
32265088,0.10490092216497315,0.33883840606890425,0.45414018858881716,0.015823278698436933,0.020048914543460517,0.010513713633346876,0.055734576302061384
32986819,0.13856247959027607,0.5766987123780707,0.1526829326109721,0.03549002485094099,0.0381283795275104,0.00297299625226713,0.05546447478996199
33065354,0.10613960536100722,0.14813675066112664,0.6389876719043194,0.017947402591551257,0.0348825816529352,0.01979705727479721,0.034108930554263076
32419658,0.04857516012622239,0.05508680810260245,0.8559157450336936,0.005326249576448019,0.012975724053826458,0.010727455190243027,0.011392857916963928
32629915,0.0028014991856204693,0.008239103385702615,0.984685216237031,0.00010993033305091878,0.003242093963794957,0.0004517769710300324,0.00047037992376922734
32329879,0.65833880814707,0.07404344439492072,0.049442001741531086,0.1751721719250752,0.016832482685089075,0.0018241459608371504,0.02434694514547718
32970384,0.00925207096774478,0.025454934806957777,0.9476682037605001,0.0008223086893093308,0.007647081690533476,0.002677324205553464,0.006478075879400932
32565632,0.1843728478566905,0.16241252659032374,0.5777603276930448,0.02039401559823045,0.013139540254627843,0.003658886002733454,0.038261856004348935
32699574,0.10172724279525198,0.11758806561761262,0.7305985207925387,0.009017322214006022,0.00908134796884383,0.002506302788295156,0.02948119782345159
32804597,0.4924046992804994,0.002915521442617611,0.0009746225336953772,0.5004319295813375,0.0021449440909032487,0.00029688933585144626,0.0008313937350950286
33015939,0.2630979428134452,0.28701065284182475,0.2650159363482259,0.042255981428176125,0.017029395322714795,0.004003122749624635,0.12158696849598857
32791497,0.37493097094522254,0.12702605345460477,0.3879248615630578,0.06346946717451267,0.02023047567776303,0.00656177054066506,0.019856400644174595
33029489,0.03717589625763909,0.8717110430183835,0.009829196357294793,0.006263063331933244,0.007657932438169239,0.00025930596294447805,0.06710356263363582
32588067,0.3413767998302436,0.20924552048324097,0.3517138433317186,0.041590700317221646,0.02089719135210078,0.0070682646517990924,0.028107680033674757
32485164,0.5717173481424584,0.05422803568906974,0.006914005591408249,0.347289678304252,0.017623201425945898,0.000782035112731743,0.00144569573413466
32979425,0.31736808279006595,0.5251983024851788,0.03859134571140908,0.07276612065221107,0.018081006199847757,0.005243795804825978,0.022751346356461092
32455777,0.06103634184927374,0.07418769174528177,0.8355465270491378,0.005825113409756794,0.0117768201833618,0.0046987955664435175,0.006928710196744737
32910826,0.09381797897547257,0.2257912066355772,0.17812759957002203,0.018810806943950136,0.04893960056792128,0.014960126134845724,0.4195526811722114
32941418,0.08326858286561868,0.15305868656305757,0.5914660052092826,0.02216242607762606,0.1037561799861771,0.007090684032553824,0.039197435265683936
32802755,0.1364375124247116,0.14959553515019683,0.6029500409712502,0.03283507458044646,0.024704937593359313,0.011026907011728737,0.04244999226830657
32369191,0.7805572072488205,0.05321827229862628,0.006633335807242291,0.14234423552393494,0.002732902932919945,0.0004351940365547857,0.01407885215190159
32925756,0.618644523537447,0.10578796223637196,0.15150564689442,0.08344948953042997,0.014111523613267273,0.005964165711543624,0.02053668847652042
32618839,0.023138936225988747,0.1263111491197382,0.017824881897554042,0.0041616867188056725,0.008306173677247277,0.0018184432696832906,0.8184387290909825
32648289,0.009783178531587574,0.012347046531300294,0.9482032022135424,0.002659197970988673,0.01660311375634445,0.007452958822795744,0.00295130217344036
32905851,0.5102894560969815,0.0597251274653212,0.009163152275733307,0.393230115857965,0.019701160541657322,0.0005531671696645118,0.007337820592676902
32678728,0.12371927828678,0.20568388362120787,0.42307193012086763,0.03390190882871522,0.05718293001886444,0.04297345935451645,0.11346660976904814
33045354,0.3720982458341442,0.21689210046514662,0.14483825767167957,0.19185118923402367,0.037160460395448396,0.0018849070526475924,0.03527483934690977
32312021,0.061110450102907075,0.08331184265747359,0.7249080512771611,0.021091111663593377,0.06288487109803431,0.03723757437698085,0.00945609882385021
32198163,0.5856131825857329,0.028657991949741897,0.006116815398308845,0.36503023492883435,0.010144765602129152,0.0006848246021629144,0.003752184933089495
32519768,0.5078225553355502,0.16126539879842866,0.0315522667144067,0.25193433653920133,0.010035909147379585,0.0011592220116472252,0.03623031145338669
32920162,0.4927613862472228,0.21945659075392532,0.06142841404054663,0.16322704147103512,0.019734463616556622,0.002693764522094064,0.0406983393486196
33062500,0.7451934296642445,0.05163405890426558,0.02224776201110483,0.1645235183636733,0.004903910556783927,0.0005437982819834868,0.01095352221794355
32562665,0.25773106902471143,0.2812621488982082,0.18376165524859933,0.11379617292775518,0.04885370918279344,0.00604683694666473,0.10854840777126767
32653423,0.24115051053082834,0.4550838405546217,0.01303297684449489,0.08726301401649665,0.01686480682017372,0.002227720245719679,0.184377130987665
32285293,0.6078601642281826,0.02465528336073355,0.0023014720720876806,0.35907889045355806,0.0033938752725832778,0.00016956555767867694,0.0025407490551764902
32851129,0.41291623308450814,0.39056519683976915,0.055091059447625414,0.05793085553184214,0.01382017381447153,0.0028645729592033224,0.06681190832258008
33040422,0.02177520043651634,0.060280225326807976,0.849725292953825,0.0074240665610528405,0.027213455823763742,0.02548181068550494,0.008099948212529415
32533777,0.4481030759356881,0.2960703540983811,0.042076714015796705,0.14852320394908977,0.020426267651778133,0.003252238981676897,0.041548145367588996
32717807,0.6380504976218822,0.06630418196221248,0.027042219003107146,0.2553107491593253,0.007554685560278907,0.0014595130482647472,0.004278153644928897
32350632,0.5183318984516252,0.08215932492047945,0.013124048418385903,0.36492100787042936,0.0093090383929702,0.0006532270733134431,0.011501454872795757
32747155,0.10206293512657764,0.2494828146993832,0.5073169269711096,0.011728377100204294,0.03028915608544168,0.009439473422483082,0.0896803165947999
32697346,0.21274994792257926,0.2294145628541618,0.12324633527140712,0.2195816239827164,0.18742501865289787,0.01423997676844304,0.013342534547794173
32979342,0.5356424023568163,0.07959230573875174,0.0057188319885291515,0.355158541895256,0.004737737129405892,0.0006914459646491851,0.01845873492659125
32756549,0.5668507415256805,0.04365026105678259,0.0023658936237961658,0.3778098415711924,0.007377500530722712,0.0003120618128769515,0.0016336998789490327
32844713,0.5315033748961481,0.20570457993229524,0.027711451767563646,0.21069621880293987,0.015460215280841757,0.0012836751354960458,0.0076404841847148965
32662333,0.5680433132155778,0.005415725259243613,0.0008981284115963434,0.42259026491628954,0.001894834533694564,0.0005695010014984586,0.0005882326620999912
32203970,0.3082504616520062,0.24605769846731784,0.1622431772307361,0.17796876747239346,0.04017877978518844,0.004035752421131714,0.061265362971226325
32879862,0.07448712540636494,0.7498673067538797,0.017301018338213587,0.008802179122856416,0.006856496369994442,0.0006434223869136662,0.1420424516217768
32755231,0.32327454614053286,0.12084881491713312,0.4929879125349743,0.029667523931042983,0.014473697945108343,0.0039052554725692605,0.014842249058638611
32489024,0.6494350074159829,0.01732515644165111,0.005870650694010616,0.3119435270074635,0.005585405356722495,0.004023111119203418,0.005817141964966332
32252784,0.029171456839537663,0.7374421475627904,0.013657376951149163,0.003634289973971924,0.004273906282633251,0.0006261432335298916,0.2111946791563879
32866831,0.13231872613580742,0.17164454934912382,0.5079196232567227,0.03737618186635193,0.08699496218588178,0.04104604709588184,0.02269991011023014
32643783,0.06258616521991293,0.07519191543561277,0.8095649406098652,0.009183098679645816,0.026184701569580828,0.009767953581080535,0.0075212249043023795
32842277,0.034242467057116886,0.04946846379303404,0.4734625307784624,0.01643767248941327,0.0457359937314005,0.37745386820579574,0.003199003944776355
32479798,0.07942743321651326,0.05283828202839933,0.830941269763353,0.009828951134988637,0.013542738709336411,0.006531208451961079,0.00689011669544736
32432169,0.027227492793424464,0.03210385072221947,0.9205420159964314,0.0033414103145387093,0.008596301450792536,0.0013243475285002301,0.00686458119409336
32416069,0.1600992012597103,0.618341257195954,0.05812993135573805,0.0230136931237057,0.013739834095846289,0.001370674693777905,0.12530540827526815
33036812,0.06645288640547982,0.3351233340926662,0.5194918942780685,0.007403864895747155,0.017563038002588995,0.002123401486625084,0.051841580838823405
32804917,0.40692478345106026,0.252910944058851,0.04387252483401731,0.05296801320283533,0.015365189164094278,0.0010239655865049572,0.2269345797026366
32876246,0.08499191136785696,0.2887248320096173,0.46265012781767,0.026721482521739268,0.07110180610412777,0.016378173576967733,0.049431666602021265
32826428,0.053555418054550226,0.486182676718436,0.35978952567086125,0.00556031749298453,0.03349728717330091,0.00807347121405845,0.05334130367580811
32574896,0.1486891242830587,0.5627130130450487,0.06684559310868209,0.05604210205925884,0.04319369914346373,0.0015556423044330951,0.1209608260560546
32539346,0.2890284708504877,0.2997989323458568,0.17083295820254366,0.0952475112290005,0.03718286052995766,0.004041835026738807,0.10386743181541472
32764148,0.539898583167932,0.011249738654194765,0.0007828114279123165,0.4437328154974162,0.0022424362490644782,0.00012603779309334264,0.0019675772103864963
32445512,0.20188546636736315,0.15830839527770266,0.41164523675860043,0.08422181016195256,0.04061723441663043,0.09818143753082252,0.005140419486928254
