PMID,Treatment,Diagnosis,Prevention,Mechanism,Transmission,Epidemic Forecasting,Case Report
32653511,0.5470512826062027,0.12499776561699866,0.03779724392265537,0.25726522384016476,0.005951576715772408,0.0010459881206855844,0.025890919177520587
32427104,0.017955727387159733,0.02110218373605098,0.6973508142556744,0.013165954065418947,0.06205161976954746,0.18135282211144496,0.007020878674703139
32605414,0.06904602442482438,0.06886921599228236,0.8230916832536642,0.01376860291813732,0.010788329453231122,0.0028859914108578426,0.011550152547002496
33066278,0.2545406762833617,0.18083863808911987,0.3241838462886178,0.12959177714185593,0.03177013373824678,0.01883431641651579,0.060240612042282274
32303609,0.5792165020746883,0.14383633476144608,0.030923076774088704,0.20962734749847742,0.004079556603751712,0.0004187006033878513,0.03189848168415977
32974036,0.03703319343235519,0.045971146757854374,0.8839115992746944,0.005774093886230379,0.012675659615695889,0.0023486384452324296,0.012285668587937221
32529409,0.0401015632471753,0.04923807322512592,0.8777944030854289,0.006043053397293806,0.012144948169460674,0.002455053255286723,0.012222905620228442
32854414,0.2545406762833617,0.18083863808911987,0.3241838462886178,0.12959177714185593,0.03177013373824678,0.01883431641651579,0.060240612042282274
32686571,0.06904602442482438,0.06886921599228236,0.8230916832536642,0.01376860291813732,0.010788329453231122,0.0028859914108578426,0.011550152547002496
33038592,0.4286063648964008,0.21397336950712917,0.10269619963657296,0.21178301773978833,0.013992667994024969,0.0006144326180095078,0.028333947608073933
33009284,0.37968025654947385,0.25477796078869563,0.13766353427290384,0.17272327936278198,0.017482846110897718,0.0008123117660601332,0.03685981114918703
32905055,0.0401015632471753,0.04923807322512592,0.8777944030854289,0.006043053397293806,0.012144948169460674,0.002455053255286723,0.012222905620228442
33058948,0.48559234080095914,0.054347372767944026,0.023437540789396395,0.4127279625287564,0.017808265115250875,0.0010480835575773432,0.005038434440115791
32340900,0.012637159069371651,0.019614379806977465,0.9552699297858975,0.001178193852500361,0.006025193383968447,0.0007333523029327117,0.004541791798351515
32419524,0.6434418911461932,0.0808546556717941,0.13247919458689392,0.12523108343706932,0.00652664071472209,0.0009218749074268275,0.010544659535900119
32682788,0.6476086642903639,0.061134411905368446,0.09069652748617135,0.18111556272177895,0.01171856357346762,0.002866207717864411,0.0048600623049856306
32834600,0.00973716884512411,0.009702417804576082,0.8953767708514228,0.005544200695622207,0.04327271738794716,0.034844400756606095,0.0015223236587011775
32413736,0.6450680447067411,0.06633409075548026,0.15400466773708107,0.11588419740275754,0.006423784040407134,0.0020570760508910805,0.010228139306641936
32655019,0.2545406762833617,0.18083863808911987,0.3241838462886178,0.12959177714185593,0.03177013373824678,0.01883431641651579,0.060240612042282274
32609622,0.06904602442482438,0.06886921599228236,0.8230916832536642,0.01376860291813732,0.010788329453231122,0.0028859914108578426,0.011550152547002496
33039295,0.03272544107794696,0.03365563471032825,0.9118352684339823,0.00641089889640822,0.008699470999790652,0.0022161638782116793,0.004457122003331792
32633327,0.34812244623848304,0.21791004172954004,0.21009033752615686,0.15662800624939338,0.022714132189316488,0.0022523335744218265,0.04228270249268831
32817232,0.34812244623848304,0.21791004172954004,0.21009033752615686,0.15662800624939338,0.022714132189316488,0.0022523335744218265,0.04228270249268831
32851612,0.2545406762833617,0.18083863808911987,0.3241838462886178,0.12959177714185593,0.03177013373824678,0.01883431641651579,0.060240612042282274
32768467,0.34812244623848304,0.21791004172954004,0.21009033752615686,0.15662800624939338,0.022714132189316488,0.0022523335744218265,0.04228270249268831
32825763,0.34812244623848304,0.21791004172954004,0.21009033752615686,0.15662800624939338,0.022714132189316488,0.0022523335744218265,0.04228270249268831
32900417,0.1292030301609861,0.1865368364915574,0.5370383307917315,0.05125941363942502,0.04685410383119548,0.0300328791227386,0.019075405962365725
32582741,0.34812244623848304,0.21791004172954004,0.21009033752615686,0.15662800624939338,0.022714132189316488,0.0022523335744218265,0.04228270249268831
32276501,0.05928838811370861,0.09827155573848528,0.6907098198620457,0.02842569857932017,0.04530426521151721,0.06601953613479794,0.011980736360125413
33020069,0.6434418911461932,0.0808546556717941,0.13247919458689392,0.12523108343706932,0.00652664071472209,0.0009218749074268275,0.010544659535900119
33010487,0.3486540399789875,0.25357211140398017,0.1616824609176006,0.16916814234760563,0.02034935016845491,0.001911709889505099,0.04466218529386582
33079448,0.2545406762833617,0.18083863808911987,0.3241838462886178,0.12959177714185593,0.03177013373824678,0.01883431641651579,0.060240612042282274
32751841,0.5470512826062027,0.12499776561699866,0.03779724392265537,0.25726522384016476,0.005951576715772408,0.0010459881206855844,0.025890919177520587
32853469,0.2545406762833617,0.18083863808911987,0.3241838462886178,0.12959177714185593,0.03177013373824678,0.01883431641651579,0.060240612042282274
32837601,0.06904602442482438,0.06886921599228236,0.8230916832536642,0.01376860291813732,0.010788329453231122,0.0028859914108578426,0.011550152547002496
33021869,0.37653263304544227,0.23575549156216258,0.26211304133212493,0.0798985707428275,0.009153359663873378,0.0005055878280261663,0.036041315825543346
32641394,0.10723193684878551,0.6655479279871199,0.12132773013021889,0.019087759938711903,0.015959484221381683,0.0008783981037618227,0.06996676277002042
32768938,0.2545406762833617,0.18083863808911987,0.3241838462886178,0.12959177714185593,0.03177013373824678,0.01883431641651579,0.060240612042282274
32398402,0.2545406762833617,0.18083863808911987,0.3241838462886178,0.12959177714185593,0.03177013373824678,0.01883431641651579,0.060240612042282274
32423791,0.1180419978282236,0.14509085998928237,0.15777400669765348,0.05577263934442977,0.02454914969897225,0.006010464709888121,0.4927608817315508
32682453,0.2545406762833617,0.18083863808911987,0.3241838462886178,0.12959177714185593,0.03177013373824678,0.01883431641651579,0.060240612042282274
32376612,0.2545406762833617,0.18083863808911987,0.3241838462886178,0.12959177714185593,0.03177013373824678,0.01883431641651579,0.060240612042282274
32970745,0.08664983551091321,0.13397879443770494,0.5395056633062422,0.08499593423721064,0.12851455890682686,0.005994259877190179,0.02036095372391229
32839091,0.04075627499297149,0.033594014672494746,0.8692861260053409,0.01663664210804697,0.023973387995880446,0.010703030048316657,0.005050524176948558
32907635,0.3053985564054136,0.3467850433492426,0.098648996309107,0.05079176804861134,0.01425077034350677,0.006497357404269257,0.17762750813984968
32553873,0.34812244623848304,0.21791004172954004,0.21009033752615686,0.15662800624939338,0.022714132189316488,0.0022523335744218265,0.04228270249268831
32889236,0.48259807312571734,0.21301687405233918,0.08226633579799097,0.15192018767542517,0.007756970602994753,0.0009680434961478003,0.06147351524938478
32495323,0.3601343337766027,0.26390807182617915,0.199128954113794,0.12013345989266339,0.01905112484395381,0.0021437208796880707,0.03550033466711892
32740371,0.12000534140656227,0.658741444910642,0.09219434084579056,0.017493493541946115,0.01123464244090371,0.001686376742100244,0.09864436011205516
32805629,0.2545406762833617,0.18083863808911987,0.3241838462886178,0.12959177714185593,0.03177013373824678,0.01883431641651579,0.060240612042282274
32383284,0.038417042078559484,0.1256414846535034,0.7996543504346381,0.0026877370698086913,0.010097638895452517,0.0010232010835492338,0.02247854578448854
32407719,0.45670847773913753,0.3810856359845352,0.05414145923950732,0.07147810263592258,0.006744692646545535,0.000525848215342391,0.029315783539009876
32978173,0.0203264293940589,0.02021255013494973,0.9403425812358429,0.004710776233423615,0.009395363946382084,0.0026574784385131694,0.002354820616829382
32750114,0.2545406762833617,0.18083863808911987,0.3241838462886178,0.12959177714185593,0.03177013373824678,0.01883431641651579,0.060240612042282274
32645644,0.5407272469484451,0.11490350719029839,0.03836541198897443,0.2681036598721802,0.006086219379028462,0.0022804134349378594,0.02953354118613543
32938609,0.2545406762833617,0.18083863808911987,0.3241838462886178,0.12959177714185593,0.03177013373824678,0.01883431641651579,0.060240612042282274
32792417,0.6450680447067411,0.06633409075548026,0.15400466773708107,0.11588419740275754,0.006423784040407134,0.0020570760508910805,0.010228139306641936
32453483,0.12087049298914172,0.13452637983120705,0.3594483661410727,0.04488640650243321,0.04105302591411077,0.022743036765716304,0.2764722918563187
32831536,0.2545406762833617,0.18083863808911987,0.3241838462886178,0.12959177714185593,0.03177013373824678,0.01883431641651579,0.060240612042282274
33014364,0.6434418911461932,0.0808546556717941,0.13247919458689392,0.12523108343706932,0.00652664071472209,0.0009218749074268275,0.010544659535900119
32977564,0.2545406762833617,0.18083863808911987,0.3241838462886178,0.12959177714185593,0.03177013373824678,0.01883431641651579,0.060240612042282274
32506762,0.10723193684878551,0.6655479279871199,0.12132773013021889,0.019087759938711903,0.015959484221381683,0.0008783981037618227,0.06996676277002042
32689926,0.022175683545896083,0.030944264179813788,0.9306433671671465,0.002239642930529032,0.007479053133475648,0.0005199943589902516,0.005997994684149083
32578794,0.48665515280265426,0.10039381487714952,0.04781382053849684,0.3345176198890078,0.01744331317329237,0.0028818738018970627,0.010294404917502045
32983347,0.34812244623848304,0.21791004172954004,0.21009033752615686,0.15662800624939338,0.022714132189316488,0.0022523335744218265,0.04228270249268831
32328170,0.10922131859903239,0.1592588914176429,0.1507732333294566,0.039691760152767916,0.028708516658312172,0.009612193552934247,0.5027340862898543
33004712,0.6043773649741598,0.1812546934419938,0.018094748627253243,0.15308228415402825,0.003754729715442402,0.0006315052901780425,0.03880467379694423
33062082,0.19702027489767837,0.6703968329978369,0.063445553789752,0.020330642767036784,0.00904679550792742,0.0011776860717408531,0.03858221396802769
32946641,0.04075627499297149,0.033594014672494746,0.8692861260053409,0.01663664210804697,0.023973387995880446,0.010703030048316657,0.005050524176948558
32411315,0.06904602442482438,0.06886921599228236,0.8230916832536642,0.01376860291813732,0.010788329453231122,0.0028859914108578426,0.011550152547002496
33000526,0.05589462511728915,0.0978160264989333,0.13413616999781194,0.01652288822902488,0.02394584624682083,0.007241742399000418,0.6644427015111196
32601708,0.4257039537855166,0.3112290656698476,0.07378376740723176,0.060387719123201976,0.010248306647246108,0.0007877047354665982,0.11785948263148949
32746913,0.34812244623848304,0.21791004172954004,0.21009033752615686,0.15662800624939338,0.022714132189316488,0.0022523335744218265,0.04228270249268831
32791382,0.04075627499297149,0.033594014672494746,0.8692861260053409,0.01663664210804697,0.023973387995880446,0.010703030048316657,0.005050524176948558
32517815,0.04075627499297149,0.033594014672494746,0.8692861260053409,0.01663664210804697,0.023973387995880446,0.010703030048316657,0.005050524176948558
32179106,0.046638432576986424,0.055958364131485736,0.8700200393720245,0.005907554054422024,0.010876950919812861,0.0006100056968484267,0.00998865324841981
33046288,0.15506394239500565,0.1477786165160698,0.62624672069927,0.030088971840276046,0.01804400998083175,0.0006728061075088736,0.02210493246103797
32534042,0.04029252480491647,0.8345356504345001,0.06963601750102383,0.01149286842865411,0.015213036142597508,0.0005616644357986208,0.028268238252509886
32889227,0.061424435150120034,0.04719400332261711,0.6918337382648905,0.031829627369273715,0.05850631529069696,0.0873979766693334,0.021813903933068077
32805566,0.08425179060573217,0.30184966846045314,0.4295253661768716,0.048976321832298136,0.09763634764876979,0.003162412143567462,0.03459809313230779
32837145,0.2545406762833617,0.18083863808911987,0.3241838462886178,0.12959177714185593,0.03177013373824678,0.01883431641651579,0.060240612042282274
32548597,0.2545406762833617,0.18083863808911987,0.3241838462886178,0.12959177714185593,0.03177013373824678,0.01883431641651579,0.060240612042282274
32510748,0.2545406762833617,0.18083863808911987,0.3241838462886178,0.12959177714185593,0.03177013373824678,0.01883431641651579,0.060240612042282274
32696396,0.4197852622007443,0.17555421886019815,0.19909001462540163,0.06666320979841626,0.020321457502371656,0.005439300068370555,0.1131465369444977
33043314,0.06904602442482438,0.06886921599228236,0.8230916832536642,0.01376860291813732,0.010788329453231122,0.0028859914108578426,0.011550152547002496
32716230,0.2545406762833617,0.18083863808911987,0.3241838462886178,0.12959177714185593,0.03177013373824678,0.01883431641651579,0.060240612042282274
32094589,0.2545406762833617,0.18083863808911987,0.3241838462886178,0.12959177714185593,0.03177013373824678,0.01883431641651579,0.060240612042282274
32564983,0.04075627499297149,0.033594014672494746,0.8692861260053409,0.01663664210804697,0.023973387995880446,0.010703030048316657,0.005050524176948558
32496252,0.2545406762833617,0.18083863808911987,0.3241838462886178,0.12959177714185593,0.03177013373824678,0.01883431641651579,0.060240612042282274
32642834,0.34812244623848304,0.21791004172954004,0.21009033752615686,0.15662800624939338,0.022714132189316488,0.0022523335744218265,0.04228270249268831
32382932,0.2545406762833617,0.18083863808911987,0.3241838462886178,0.12959177714185593,0.03177013373824678,0.01883431641651579,0.060240612042282274
32560665,0.4454246030612665,0.13519769375819443,0.12650282237930463,0.25027684399402744,0.015319554527266216,0.002210498500595687,0.025067983779344976
33040272,0.35283834846679485,0.4783584846755607,0.07986430284685314,0.05705707890011751,0.012403104295302595,0.0007907372799309904,0.01868794353544027
32966822,0.06904602442482438,0.06886921599228236,0.8230916832536642,0.01376860291813732,0.010788329453231122,0.0028859914108578426,0.011550152547002496
33002544,0.2545406762833617,0.18083863808911987,0.3241838462886178,0.12959177714185593,0.03177013373824678,0.01883431641651579,0.060240612042282274
32931058,0.2545406762833617,0.18083863808911987,0.3241838462886178,0.12959177714185593,0.03177013373824678,0.01883431641651579,0.060240612042282274
33073216,0.2545406762833617,0.18083863808911987,0.3241838462886178,0.12959177714185593,0.03177013373824678,0.01883431641651579,0.060240612042282274
32880453,0.34812244623848304,0.21791004172954004,0.21009033752615686,0.15662800624939338,0.022714132189316488,0.0022523335744218265,0.04228270249268831
32497283,0.09032138706982759,0.13898028815004193,0.1694715661064366,0.05469440213165582,0.05229421218282456,0.020563509158091936,0.47367463520112146
32778891,0.5509635172472928,0.00663472824509256,0.006018810234774495,0.4272157084192034,0.004559580341628469,0.002062575959360695,0.002545079552647773
32762374,0.2545406762833617,0.18083863808911987,0.3241838462886178,0.12959177714185593,0.03177013373824678,0.01883431641651579,0.060240612042282274
32731282,0.2545406762833617,0.18083863808911987,0.3241838462886178,0.12959177714185593,0.03177013373824678,0.01883431641651579,0.060240612042282274
32833781,0.2545406762833617,0.18083863808911987,0.3241838462886178,0.12959177714185593,0.03177013373824678,0.01883431641651579,0.060240612042282274
32938349,0.2545406762833617,0.18083863808911987,0.3241838462886178,0.12959177714185593,0.03177013373824678,0.01883431641651579,0.060240612042282274
32991329,0.4985015817052548,0.08125196455024576,0.017711269330742033,0.3870159013873582,0.008641757973898975,0.001453183156275212,0.005424341896225434
32799761,0.5509635172472928,0.00663472824509256,0.006018810234774495,0.4272157084192034,0.004559580341628469,0.002062575959360695,0.002545079552647773
32719202,0.2545406762833617,0.18083863808911987,0.3241838462886178,0.12959177714185593,0.03177013373824678,0.01883431641651579,0.060240612042282274
32778622,0.2545406762833617,0.18083863808911987,0.3241838462886178,0.12959177714185593,0.03177013373824678,0.01883431641651579,0.060240612042282274
33032575,0.1292030301609861,0.1865368364915574,0.5370383307917315,0.05125941363942502,0.04685410383119548,0.0300328791227386,0.019075405962365725
32568724,0.06904602442482438,0.06886921599228236,0.8230916832536642,0.01376860291813732,0.010788329453231122,0.0028859914108578426,0.011550152547002496
33062077,0.37968025654947385,0.25477796078869563,0.13766353427290384,0.17272327936278198,0.017482846110897718,0.0008123117660601332,0.03685981114918703
32341622,0.4795678899136772,0.11067731850990174,0.03182652828741809,0.3529622439845294,0.01647482032538023,0.0012282873808110585,0.0072629115982821655
32565899,0.2545406762833617,0.18083863808911987,0.3241838462886178,0.12959177714185593,0.03177013373824678,0.01883431641651579,0.060240612042282274
32894859,0.08784939213595211,0.6675852215920184,0.13124985485607252,0.015217842120771407,0.01697752085918295,0.0015669006303001885,0.07955326780570242
32905141,0.06904602442482438,0.06886921599228236,0.8230916832536642,0.01376860291813732,0.010788329453231122,0.0028859914108578426,0.011550152547002496
32881593,0.34812244623848304,0.21791004172954004,0.21009033752615686,0.15662800624939338,0.022714132189316488,0.0022523335744218265,0.04228270249268831
32466392,0.03193860550264115,0.05541981385055707,0.753990968941814,0.030698081008261473,0.11100991762737952,0.00918282506272636,0.00775978800662062
33077917,0.4350887107518515,0.25257413614600155,0.0892003925087753,0.17024645819917195,0.010829599535405451,0.0004989013154196211,0.041561801543374174
33015823,0.17762946050829564,0.5470010693274432,0.12057291020475426,0.03147766601207191,0.013690840556057005,0.003472284991068873,0.10615576840030902
32462267,0.5742241630883628,0.06313168071603686,0.012905341132383546,0.33776366093234317,0.005921850430931261,0.000345011952728175,0.005708291747214724
32651900,0.4898497353106503,0.03089361787135266,0.00751929376600445,0.4604793587451531,0.009276174540806592,0.0002737083565371079,0.0017081114094952509
32669540,0.323345008582481,0.4781885928167872,0.10880469981338989,0.04930068691600601,0.0157251518727781,0.002526995193192352,0.022108864805365294
32582328,0.2545406762833617,0.18083863808911987,0.3241838462886178,0.12959177714185593,0.03177013373824678,0.01883431641651579,0.060240612042282274
32894654,0.17955150604483114,0.22403736563220603,0.45335068588217614,0.06921443790480401,0.0420328783315916,0.011388729143669857,0.020424397060721047
32413319,0.47064108995589354,0.02405783698372077,0.0023396970445685268,0.4984101009553624,0.003805937161829598,0.00011790815932609512,0.0006274297392990931
32750889,0.46258187060525335,0.09998235184763998,0.03165112737785559,0.37714761407091335,0.01885954707098929,0.0026676140865056234,0.007109874940842683
32476574,0.5305829973796956,0.023828465862787265,0.02883982908259711,0.39016707505251447,0.011119622207036346,0.005876940995961953,0.00958506941940706
32708495,0.2545406762833617,0.18083863808911987,0.3241838462886178,0.12959177714185593,0.03177013373824678,0.01883431641651579,0.060240612042282274
33031467,0.2545406762833617,0.18083863808911987,0.3241838462886178,0.12959177714185593,0.03177013373824678,0.01883431641651579,0.060240612042282274
32981448,0.04075627499297149,0.033594014672494746,0.8692861260053409,0.01663664210804697,0.023973387995880446,0.010703030048316657,0.005050524176948558
32361692,0.46601929135128917,0.06253618753373529,0.010380938184244667,0.4459408802317585,0.01077304267843386,0.0014820936553923874,0.002867566365146066
32857836,0.3486540399789875,0.25357211140398017,0.1616824609176006,0.16916814234760563,0.02034935016845491,0.001911709889505099,0.04466218529386582
32665962,0.4825063130412458,0.03339574381390456,0.007700631562415591,0.46468271539657097,0.009791427421529475,0.00029364722307954314,0.001629521541253933
32964098,0.3486540399789875,0.25357211140398017,0.1616824609176006,0.16916814234760563,0.02034935016845491,0.001911709889505099,0.04466218529386582
32452670,0.2545406762833617,0.18083863808911987,0.3241838462886178,0.12959177714185593,0.03177013373824678,0.01883431641651579,0.060240612042282274
32234464,0.2545406762833617,0.18083863808911987,0.3241838462886178,0.12959177714185593,0.03177013373824678,0.01883431641651579,0.060240612042282274
32745177,0.014004394682905022,0.02644580815371016,0.9374159265992962,0.0032095865947783433,0.015026108396594672,0.0008012684898180219,0.0030969070828973785
32963090,0.2545406762833617,0.18083863808911987,0.3241838462886178,0.12959177714185593,0.03177013373824678,0.01883431641651579,0.060240612042282274
32835294,0.2545406762833617,0.18083863808911987,0.3241838462886178,0.12959177714185593,0.03177013373824678,0.01883431641651579,0.060240612042282274
32880722,0.2545406762833617,0.18083863808911987,0.3241838462886178,0.12959177714185593,0.03177013373824678,0.01883431641651579,0.060240612042282274
32899439,0.5277779931694323,0.1650792134570829,0.06538869180710262,0.20367279353050002,0.007287722602315876,0.0004214826263244919,0.030372102807241508
33009081,0.4454246030612665,0.13519769375819443,0.12650282237930463,0.25027684399402744,0.015319554527266216,0.002210498500595687,0.025067983779344976
32697126,0.02607750054164212,0.03743606599618827,0.8712312186787955,0.013925419438343562,0.02613341379662202,0.02136114995433,0.003835231594078451
32908494,0.2545406762833617,0.18083863808911987,0.3241838462886178,0.12959177714185593,0.03177013373824678,0.01883431641651579,0.060240612042282274
32837878,0.404301559625529,0.23742318398227852,0.10214758940793792,0.10636370598836259,0.010262305328073228,0.0010012461778695662,0.13850040948994888
32887592,0.2545406762833617,0.18083863808911987,0.3241838462886178,0.12959177714185593,0.03177013373824678,0.01883431641651579,0.060240612042282274
33045235,0.3673561595069219,0.25739815062076826,0.14348049102584987,0.17238542165019632,0.01838017570961896,0.0011173558390821735,0.03988224564756245
32728975,0.5478142882546979,0.07528712051557042,0.014070654864204125,0.35400363270574503,0.004395998397075991,0.00013756878610672132,0.004290736476600053
32541245,0.2545406762833617,0.18083863808911987,0.3241838462886178,0.12959177714185593,0.03177013373824678,0.01883431641651579,0.060240612042282274
32394481,0.2545406762833617,0.18083863808911987,0.3241838462886178,0.12959177714185593,0.03177013373824678,0.01883431641651579,0.060240612042282274
32656888,0.5407272469484451,0.11490350719029839,0.03836541198897443,0.2681036598721802,0.006086219379028462,0.0022804134349378594,0.02953354118613543
32216114,0.5503194970325179,0.019987370345530154,0.02174737208770104,0.38790123621746636,0.008385020622643232,0.004431649792743481,0.007227853901397614
32562912,0.2545406762833617,0.18083863808911987,0.3241838462886178,0.12959177714185593,0.03177013373824678,0.01883431641651579,0.060240612042282274
33001577,0.14517038547368985,0.1798351126463506,0.29284486559667994,0.043683924371428234,0.03296901210420741,0.007754077486829069,0.2977426223208146
32973814,0.5324223353415408,0.14096174426461558,0.03519421438520941,0.2581393796551432,0.00591374086440982,0.0008548038555985947,0.026513781633482697
32874906,0.22367378735177115,0.6538829586102312,0.053076532736041564,0.026654733146275894,0.008133612947025118,0.000547586058891175,0.03403078914976382
32758864,0.2545406762833617,0.18083863808911987,0.3241838462886178,0.12959177714185593,0.03177013373824678,0.01883431641651579,0.060240612042282274
32616763,0.4866791902420645,0.014648439486427101,0.0037098805373850853,0.48854894359413287,0.0043328529234626404,0.0006416548124430035,0.0014390384040848993
32870239,0.13954910724799252,0.4139528155583402,0.20621088657757666,0.08580166339217483,0.0830053593930186,0.001334281608281863,0.0701458862226158
32590819,0.28533118438724114,0.3341011206319495,0.15841407371572178,0.039103006014096255,0.02617063576776977,0.004082242516481232,0.15279773696673968
32951577,0.5012886929312089,0.01119843965167901,0.003842589268884114,0.475248266827585,0.00628953596549659,0.0007262248550385173,0.001406250500108156
32340583,0.2545406762833617,0.18083863808911987,0.3241838462886178,0.12959177714185593,0.03177013373824678,0.01883431641651579,0.060240612042282274
32605780,0.34812244623848304,0.21791004172954004,0.21009033752615686,0.15662800624939338,0.022714132189316488,0.0022523335744218265,0.04228270249268831
32415348,0.012637159069371651,0.019614379806977465,0.9552699297858975,0.001178193852500361,0.006025193383968447,0.0007333523029327117,0.004541791798351515
32654885,0.1292030301609861,0.1865368364915574,0.5370383307917315,0.05125941363942502,0.04685410383119548,0.0300328791227386,0.019075405962365725
32589645,0.11846365937395609,0.1968713617416732,0.5360733001998679,0.04024004020384505,0.04919437503159844,0.023356452562436764,0.03580081088662287
32427529,0.2545406762833617,0.18083863808911987,0.3241838462886178,0.12959177714185593,0.03177013373824678,0.01883431641651579,0.060240612042282274
32453494,0.2545406762833617,0.18083863808911987,0.3241838462886178,0.12959177714185593,0.03177013373824678,0.01883431641651579,0.060240612042282274
32187464,0.5535194305451949,0.14158871127485181,0.12212482477669219,0.15439298667574522,0.009326609438127655,0.0008404775311930759,0.018206959758195165
32733733,0.3648783666878286,0.25718748161278143,0.1455392393885941,0.17207022609788794,0.018619199760364302,0.0011987357860747357,0.04050675066646861
32360733,0.2545406762833617,0.18083863808911987,0.3241838462886178,0.12959177714185593,0.03177013373824678,0.01883431641651579,0.060240612042282274
32703816,0.12426837787264511,0.11005202445493462,0.7086717938173921,0.02677204689204004,0.013298376979786381,0.00155477422811351,0.015382605755088631
33015424,0.07241925703319836,0.08201635985002748,0.5873948502225296,0.03693639833257299,0.048216443259475626,0.16131883999800545,0.011697851304190253
32316979,0.2545406762833617,0.18083863808911987,0.3241838462886178,0.12959177714185593,0.03177013373824678,0.01883431641651579,0.060240612042282274
32837568,0.2545406762833617,0.18083863808911987,0.3241838462886178,0.12959177714185593,0.03177013373824678,0.01883431641651579,0.060240612042282274
32654921,0.2545406762833617,0.18083863808911987,0.3241838462886178,0.12959177714185593,0.03177013373824678,0.01883431641651579,0.060240612042282274
32529517,0.2545406762833617,0.18083863808911987,0.3241838462886178,0.12959177714185593,0.03177013373824678,0.01883431641651579,0.060240612042282274
32405329,0.08682240472097344,0.13050882747605624,0.1506513596539172,0.033824756662277355,0.027057857118290816,0.0050521459799703124,0.5660826483885146
32656711,0.2545406762833617,0.18083863808911987,0.3241838462886178,0.12959177714185593,0.03177013373824678,0.01883431641651579,0.060240612042282274
32442287,0.5325045030341049,0.10350153754910596,0.03970442724857379,0.3070089053034412,0.006267041823654271,0.0004622655761726244,0.010551319464947497
32862111,0.6450680447067411,0.06633409075548026,0.15400466773708107,0.11588419740275754,0.006423784040407134,0.0020570760508910805,0.010228139306641936
32425489,0.06904602442482438,0.06886921599228236,0.8230916832536642,0.01376860291813732,0.010788329453231122,0.0028859914108578426,0.011550152547002496
32712629,0.5030805163020926,0.1254238972494008,0.05379062804796544,0.29214704570328964,0.008388955396095013,0.0016808613015233131,0.015488095999633519
32290644,0.10518966978104173,0.6586285139411363,0.09119747267471078,0.010212010507361436,0.015336276557953124,0.0009227689525428526,0.11851328758525369
32445872,0.5005312921509686,0.11138293352098005,0.04624298565523379,0.31507611891100057,0.015311940157074159,0.001295718130420797,0.010159011474321982
32376392,0.7467134027923127,0.043378688417763225,0.025023520576290665,0.17782045586520936,0.0019000166294158684,0.00040407768454074676,0.00475983803446748
32595353,0.5059471695702606,0.17740164617940643,0.04607476612501738,0.2359595733165372,0.0074097086493115204,0.0004895798277811777,0.026717556331686005
32489708,0.34812244623848304,0.21791004172954004,0.21009033752615686,0.15662800624939338,0.022714132189316488,0.0022523335744218265,0.04228270249268831
32607399,0.34812244623848304,0.21791004172954004,0.21009033752615686,0.15662800624939338,0.022714132189316488,0.0022523335744218265,0.04228270249268831
32785710,0.6294139239632556,0.09896489526900397,0.11505675283186605,0.1369295549152735,0.006711693044248922,0.0007874878874161573,0.012135692088935602
32449043,0.2545406762833617,0.18083863808911987,0.3241838462886178,0.12959177714185593,0.03177013373824678,0.01883431641651579,0.060240612042282274
33043967,0.5167214916798335,0.05319538105100184,0.012446287178863537,0.40383882262767856,0.009607065372021812,0.0006004425236444698,0.0035905095669561586
32791999,0.2545406762833617,0.18083863808911987,0.3241838462886178,0.12959177714185593,0.03177013373824678,0.01883431641651579,0.060240612042282274
32617527,0.509306789640891,0.01679361193963927,0.010201367499766276,0.4473083038476205,0.01014773510552804,0.00268707513220536,0.003555116834349646
32508193,0.2545406762833617,0.18083863808911987,0.3241838462886178,0.12959177714185593,0.03177013373824678,0.01883431641651579,0.060240612042282274
32388565,0.5066582854395115,0.06501010154913509,0.01860169268224534,0.39357513589075155,0.010996183195871626,0.000761690551875389,0.004396910690609372
32873749,0.01075205491449703,0.016074193358190318,0.965702492191957,0.0009275036288325162,0.003618860418857409,0.00043602350818568565,0.0024888719794799326
32889160,0.09663387360956063,0.19657727843293427,0.1383066078691921,0.028434983048491628,0.03529652940013364,0.007036221175465589,0.49771450646422244
32265088,0.2545406762833617,0.18083863808911987,0.3241838462886178,0.12959177714185593,0.03177013373824678,0.01883431641651579,0.060240612042282274
32986819,0.23294379424201253,0.43623986984319707,0.14243383184675995,0.12552124676624463,0.024062352636308196,0.0014785349040934673,0.037320369761384656
33065354,0.2545406762833617,0.18083863808911987,0.3241838462886178,0.12959177714185593,0.03177013373824678,0.01883431641651579,0.060240612042282274
32419658,0.2545406762833617,0.18083863808911987,0.3241838462886178,0.12959177714185593,0.03177013373824678,0.01883431641651579,0.060240612042282274
32629915,0.006856102777985055,0.01457151027324864,0.9661553906091404,0.0011073825039203012,0.008988449073952081,0.0004910572394417987,0.0018301075223111523
32329879,0.17955150604483114,0.22403736563220603,0.45335068588217614,0.06921443790480401,0.0420328783315916,0.011388729143669857,0.020424397060721047
32970384,0.2545406762833617,0.18083863808911987,0.3241838462886178,0.12959177714185593,0.03177013373824678,0.01883431641651579,0.060240612042282274
32565632,0.34812244623848304,0.21791004172954004,0.21009033752615686,0.15662800624939338,0.022714132189316488,0.0022523335744218265,0.04228270249268831
32699574,0.2545406762833617,0.18083863808911987,0.3241838462886178,0.12959177714185593,0.03177013373824678,0.01883431641651579,0.060240612042282274
32804597,0.34812244623848304,0.21791004172954004,0.21009033752615686,0.15662800624939338,0.022714132189316488,0.0022523335744218265,0.04228270249268831
33015939,0.2545406762833617,0.18083863808911987,0.3241838462886178,0.12959177714185593,0.03177013373824678,0.01883431641651579,0.060240612042282274
32791497,0.2545406762833617,0.18083863808911987,0.3241838462886178,0.12959177714185593,0.03177013373824678,0.01883431641651579,0.060240612042282274
33029489,0.36141719012685775,0.25670530891900795,0.14863890831036897,0.1715620962842518,0.018967518399796674,0.0013236361728689908,0.04138534178684786
32588067,0.2545406762833617,0.18083863808911987,0.3241838462886178,0.12959177714185593,0.03177013373824678,0.01883431641651579,0.060240612042282274
32485164,0.25863671110374425,0.16753630898088215,0.2021709837836237,0.26373959960019716,0.09099520094965292,0.0029885149518840575,0.013932680630015973
32979425,0.3486540399789875,0.25357211140398017,0.1616824609176006,0.16916814234760563,0.02034935016845491,0.001911709889505099,0.04466218529386582
32455777,0.2545406762833617,0.18083863808911987,0.3241838462886178,0.12959177714185593,0.03177013373824678,0.01883431641651579,0.060240612042282274
32910826,0.17933220007314898,0.21677782764792267,0.25075415800937856,0.054748704408625525,0.030461172620420657,0.00406932876408864,0.26385660847641473
32941418,0.03254644195614815,0.06181245835304234,0.6163256745968444,0.03905590795679474,0.22255076051590117,0.017391590219725736,0.010317166401543352
32802755,0.2545406762833617,0.18083863808911987,0.3241838462886178,0.12959177714185593,0.03177013373824678,0.01883431641651579,0.060240612042282274
32369191,0.2545406762833617,0.18083863808911987,0.3241838462886178,0.12959177714185593,0.03177013373824678,0.01883431641651579,0.060240612042282274
32925756,0.6450680447067411,0.06633409075548026,0.15400466773708107,0.11588419740275754,0.006423784040407134,0.0020570760508910805,0.010228139306641936
32618839,0.06221215633303457,0.24179573424289616,0.11791882906944173,0.017457845437930743,0.02943759227778774,0.003732653713617726,0.5274451889252905
32648289,0.2545406762833617,0.18083863808911987,0.3241838462886178,0.12959177714185593,0.03177013373824678,0.01883431641651579,0.060240612042282274
32905851,0.3486540399789875,0.25357211140398017,0.1616824609176006,0.16916814234760563,0.02034935016845491,0.001911709889505099,0.04466218529386582
32678728,0.06201338379923714,0.07015634270288817,0.6711610444241203,0.040209179162259835,0.03895390261747024,0.09600547192312638,0.021500675370898167
33045354,0.37060018480006784,0.257457566399126,0.14104342743843737,0.17272243776241109,0.018084235368743307,0.0010205341895590523,0.03907161404165546
32312021,0.09007293823169372,0.13801494099829453,0.48058577528274377,0.0871931033841773,0.17183490379117927,0.010137209150074288,0.02216112916183666
32198163,0.6434418911461932,0.0808546556717941,0.13247919458689392,0.12523108343706932,0.00652664071472209,0.0009218749074268275,0.010544659535900119
32519768,0.5057254137636882,0.13509665655773015,0.05533039161546463,0.27867357739558846,0.008479947704581929,0.0010850332395178784,0.015608979723428982
32920162,0.2545406762833617,0.18083863808911987,0.3241838462886178,0.12959177714185593,0.03177013373824678,0.01883431641651579,0.060240612042282274
33062500,0.6434418911461932,0.0808546556717941,0.13247919458689392,0.12523108343706932,0.00652664071472209,0.0009218749074268275,0.010544659535900119
32562665,0.323345008582481,0.4781885928167872,0.10880469981338989,0.04930068691600601,0.0157251518727781,0.002526995193192352,0.022108864805365294
32653423,0.34812244623848304,0.21791004172954004,0.21009033752615686,0.15662800624939338,0.022714132189316488,0.0022523335744218265,0.04228270249268831
32285293,0.48665515280265426,0.10039381487714952,0.04781382053849684,0.3345176198890078,0.01744331317329237,0.0028818738018970627,0.010294404917502045
32851129,0.3210758033925282,0.23719927784750625,0.1309867718600656,0.08030174929870604,0.013736876424736737,0.0013929802723176648,0.21530654090413917
33040422,0.2545406762833617,0.18083863808911987,0.3241838462886178,0.12959177714185593,0.03177013373824678,0.01883431641651579,0.060240612042282274
32533777,0.323345008582481,0.4781885928167872,0.10880469981338989,0.04930068691600601,0.0157251518727781,0.002526995193192352,0.022108864805365294
32717807,0.3863217826399939,0.12913865229355537,0.20459588533067383,0.22113179933212818,0.028064364518510746,0.00925429386511748,0.021493222020020592
32350632,0.2545406762833617,0.18083863808911987,0.3241838462886178,0.12959177714185593,0.03177013373824678,0.01883431641651579,0.060240612042282274
32747155,0.14517038547368985,0.1798351126463506,0.29284486559667994,0.043683924371428234,0.03296901210420741,0.007754077486829069,0.2977426223208146
32697346,0.11611241484303289,0.1625635779634617,0.4393592618990604,0.1035992464406666,0.15018374663448208,0.005516639193342082,0.02266511302595467
32979342,0.4257039537855166,0.3112290656698476,0.07378376740723176,0.060387719123201976,0.010248306647246108,0.0007877047354665982,0.11785948263148949
32756549,0.4808293926847782,0.07291583360062495,0.009786021244292226,0.4235658389689371,0.009520025847170755,0.0005407074903590308,0.0028421801638380023
32844713,0.4454246030612665,0.13519769375819443,0.12650282237930463,0.25027684399402744,0.015319554527266216,0.002210498500595687,0.025067983779344976
32662333,0.5308826155071442,0.003453788314712162,0.0029042174534347253,0.4572236288172543,0.0028331257904630996,0.0013085414012631912,0.0013940827157280465
32203970,0.3486540399789875,0.25357211140398017,0.1616824609176006,0.16916814234760563,0.02034935016845491,0.001911709889505099,0.04466218529386582
32879862,0.12586724390486992,0.6637167012909276,0.05205452478191791,0.012394777753727403,0.007481828218559081,0.0011845038804134493,0.13730042016958424
32755231,0.2545406762833617,0.18083863808911987,0.3241838462886178,0.12959177714185593,0.03177013373824678,0.01883431641651579,0.060240612042282274
32489024,0.2545406762833617,0.18083863808911987,0.3241838462886178,0.12959177714185593,0.03177013373824678,0.01883431641651579,0.060240612042282274
32252784,0.12581982450592816,0.6995885330638949,0.07031975985979719,0.038631829905388264,0.011273008600130066,0.004088057807279984,0.05027898625758187
32866831,0.2545406762833617,0.18083863808911987,0.3241838462886178,0.12959177714185593,0.03177013373824678,0.01883431641651579,0.060240612042282274
32643783,0.2545406762833617,0.18083863808911987,0.3241838462886178,0.12959177714185593,0.03177013373824678,0.01883431641651579,0.060240612042282274
32842277,0.06840481892041057,0.07278718414940044,0.5773028216054777,0.05125569003289546,0.15867566428690041,0.05363928570369795,0.017934535301217473
32479798,0.06904602442482438,0.06886921599228236,0.8230916832536642,0.01376860291813732,0.010788329453231122,0.0028859914108578426,0.011550152547002496
32432169,0.012637159069371651,0.019614379806977465,0.9552699297858975,0.001178193852500361,0.006025193383968447,0.0007333523029327117,0.004541791798351515
32416069,0.17762946050829564,0.5470010693274432,0.12057291020475426,0.03147766601207191,0.013690840556057005,0.003472284991068873,0.10615576840030902
33036812,0.2545406762833617,0.18083863808911987,0.3241838462886178,0.12959177714185593,0.03177013373824678,0.01883431641651579,0.060240612042282274
32804917,0.4403497310434908,0.128105484651025,0.2546700322380733,0.075318616005767,0.01554244223292994,0.0030732972578364054,0.08294039657087769
32876246,0.2545406762833617,0.18083863808911987,0.3241838462886178,0.12959177714185593,0.03177013373824678,0.01883431641651579,0.060240612042282274
32826428,0.07229844924464583,0.6549749416437902,0.22382955859336381,0.004013366867612348,0.010985117733617676,0.00032249279827597946,0.03357607311869369
32574896,0.2545406762833617,0.18083863808911987,0.3241838462886178,0.12959177714185593,0.03177013373824678,0.01883431641651579,0.060240612042282274
32539346,0.34812244623848304,0.21791004172954004,0.21009033752615686,0.15662800624939338,0.022714132189316488,0.0022523335744218265,0.04228270249268831
32764148,0.5147527222848233,0.07033888064929107,0.03317941031909026,0.3557009640147225,0.016090071324867585,0.0017470096954909564,0.008190941711713784
32445512,0.2545406762833617,0.18083863808911987,0.3241838462886178,0.12959177714185593,0.03177013373824678,0.01883431641651579,0.060240612042282274
32617968,0.2545406762833617,0.18083863808911987,0.3241838462886178,0.12959177714185593,0.03177013373824678,0.01883431641651579,0.060240612042282274
32531684,0.12087049298914172,0.13452637983120705,0.3594483661410727,0.04488640650243321,0.04105302591411077,0.022743036765716304,0.2764722918563187
