PMID,Treatment,Diagnosis,Prevention,Mechanism,Transmission,Epidemic Forecasting,Case Report
32653511,0.47997202901011987,0.0771947990575769,0.004777434482255712,0.04757602346923562,0.005292924935980299,0.001194984450840543,0.38399180459399107
32427104,0.021903496662275326,0.0663085863887353,0.42716250498953456,0.0038100659315462027,0.012580017455283943,0.4676523888474491,0.0005829397251755362
32605414,0.03923913037550377,0.013013655244587863,0.6190868058672431,0.0037322852651169107,0.0119496898030212,0.3124139528289221,0.0005644806156049778
33066278,0.3162970312583351,0.04951217202260472,0.006356693023802924,0.6014906762991162,0.006580795572633353,0.0014853096948990595,0.018277322128608567
32303609,0.4408613631896082,0.08281496518642151,0.004855197074641635,0.43132399401307336,0.005851029048779657,0.0013188022448506881,0.03297464924262493
32974036,0.06368940041786125,0.10103892812616433,0.7841781697452657,0.03613293262116198,0.005223315007590127,0.0027516594700421485,0.006985594611914473
32529409,0.036206021142653956,0.013781338554581163,0.6780153591694597,0.008638211971621153,0.2578306306412166,0.001179036615227315,0.004349401905240117
32854414,0.012316819641630405,0.008750545889136735,0.611380818689957,0.005910381437949319,0.05563176461250776,0.30544118030000356,0.000568489428815167
32686571,0.17503008101984832,0.04012904517344038,0.7329579007959064,0.025593140767678407,0.022732785955648278,0.0012724659454314783,0.0022845803420466957
33038592,0.0574033312197745,0.24059152616795326,0.0016164879473874333,0.03366366749922617,0.006833150894354466,0.0011833779546502362,0.658708458316654
33009284,0.5208517702874239,0.08254508859380003,0.001980201859404659,0.36660481848069787,0.002428569353705246,0.01705598121541765,0.008533570209550569
32905055,0.04659991659877414,0.07477823351511662,0.704521801400918,0.0044252420308494005,0.16257942336989362,0.004882057584033548,0.0022133255004146662
33058948,0.23502606101727772,0.08581847843465085,0.0017899816591731153,0.6287793884206866,0.015838403384029417,0.0014004807644391484,0.03134720631974324
32340900,0.11838220599420768,0.044303478168191066,0.7799933616330191,0.01899758650443912,0.03451287274180017,0.0013372881565612625,0.0024732068017816293
32419524,0.5425223130658781,0.024081521925733217,0.009731225803200788,0.3803881737879298,0.006046713388078205,0.0013650387630757496,0.035865013266104126
32682788,0.2720811334390275,0.23009399576380302,0.003162046083249018,0.4648175001661641,0.02445532253520822,0.0014671905320929276,0.003922811480455203
32834600,0.007162172764270859,0.012626126296617256,0.5746559940943674,0.0012645631428824054,0.10070811427262676,0.29719642138424796,0.006386608044987313
32413736,0.4245998630140658,0.05082932830022807,0.0018500051634664887,0.4158413046904344,0.007227293156024897,0.0012589150111307435,0.09839329066464964
32655019,0.4772544608668549,0.07580755345699104,0.004777398161283612,0.05621448024948271,0.005271942798599309,0.0011909742136153442,0.3794831902531732
32609622,0.10865962238038754,0.059982894367865434,0.7764256327162362,0.03653719681673183,0.01460563563218086,0.0013553449958196428,0.0024336730907784884
33039295,0.17308015651739334,0.04132474321580186,0.7458856392784797,0.003944574533457768,0.008923352621549117,0.004250880339704542,0.02259065349361362
32633327,0.0745254458895146,0.009986985556044738,0.00424216726513454,0.526534652877062,0.005231718275844798,0.0016831774917770424,0.37779585264462223
32817232,0.011146623214815148,0.6278737497318734,0.1748117067950637,0.021853418915478755,0.159079851918533,0.0013762388169567348,0.003858410607279203
32851612,0.10244456804250923,0.04350141786430216,0.8046647109588452,0.008767811754919298,0.009353872205673842,0.0013735315750033877,0.029894087598746726
32768467,0.03643354139624944,0.22490920706336218,0.01159029906633585,0.017840068617480043,0.0055999406744127915,0.0012803279911817063,0.7023466151909781
32825763,0.567801392598541,0.2877329110521295,0.0010468921883395239,0.08533824505511776,0.0038096913753734403,0.019854099234929277,0.034416768495569405
32900417,0.008651268694182455,0.05789768127570831,0.5024130487552433,0.0013448335622404377,0.09038055070528075,0.2997160929285971,0.03959652407874769
32582741,0.07256553482143005,0.01767605277291979,0.7332862603609485,0.012204614760989748,0.1606260854235824,0.0012660605346187287,0.0023753913255109733
32276501,0.007326205223330065,0.013939757490040708,0.5809060075405786,0.004663301649968433,0.09421061203005329,0.2984167708056119,0.0005373452604170946
33020069,0.5818622307838339,0.28565366467896525,0.02999740291560986,0.014168258748867808,0.006432716166515593,0.0014509730992497676,0.08043475360695779
33010487,0.4432810785289222,0.34812981048202263,0.015581354108287992,0.012635751019128196,0.0058760368821418035,0.0013194601655713838,0.17317650881392582
33079448,0.555256726511642,0.2785134270818901,0.0889048859896629,0.004846537637012294,0.0025400127774549814,0.060968657401046025,0.008969752601291694
32751841,0.20260715704564433,0.08093161249125591,0.0014799714256473054,0.6660926417321893,0.014767345248802155,0.0013428307963102757,0.032778441260150705
32853469,0.5399077288813168,0.047476458833651446,0.014327475449019083,0.38069204699809667,0.0025162712755393514,0.012542446447170272,0.002537572115206351
32837601,0.525782837873366,0.2653377628947736,0.01602920856724875,0.012663411312342249,0.00586914377311847,0.0013154230927334386,0.1730022124864175
33021869,0.05373188507794493,0.018916664186510314,0.6466615833939093,0.011371511402671067,0.004887931004820262,0.0010684074579965098,0.2633620174761476
32641394,0.01684591645571456,0.06036595565329826,0.5889403676550258,0.00450261399282191,0.009568431287926341,0.0010047744881756223,0.3187719404670375
32768938,0.057011829262156775,0.2347094000950721,0.0015723184868420223,0.05742764831695339,0.006430186097042259,0.0011472085145444342,0.6417014092273889
32398402,0.1523653139678458,0.041245332678718154,0.7605640859600904,0.021162119458167594,0.01768504255824609,0.001316607501040562,0.005661497875891375
32423791,0.01609380945311887,0.066751057035759,0.0012785928181731293,0.542285101520487,0.01809198752353012,0.0010944727315687114,0.35440497891736306
32682453,0.19622692228876357,0.6040120654106419,0.014431583221975585,0.012415432184573017,0.002400431694816502,0.0037966254742786516,0.1667169397249509
32376612,0.5038637315582495,0.22983528746256798,0.004777754096740522,0.20615682853498257,0.005605241282785757,0.0012665203216358667,0.048494636743037736
32970745,0.014785930579875595,0.002555694333520515,0.36991529674592627,0.021478005344332907,0.12966286535591878,0.46102326537013616,0.0005789422702897441
32839091,0.00796029205733621,0.038118397033112886,0.6742048849461794,0.014807781760970112,0.25925438899133463,0.0035068895988129784,0.0021473656122539707
32907635,0.531963561585167,0.2663441794098284,0.015840462474356796,0.013396025036745049,0.005976935173041809,0.0013355268716710215,0.16514330944918992
32553873,0.05588385903157841,0.23811898213498744,0.003978407472043025,0.03245415566568789,0.005171477537138433,0.0011870345606841744,0.6632060835978806
32889236,0.49600678970752377,0.19202731967665995,0.004860661743701849,0.040101656480081946,0.005446089970210262,0.0012340106148038966,0.2603234718070183
32495323,0.1778145860337536,0.07308873275132367,0.7038264423410896,0.01022575883638151,0.0036215787200879384,0.003619589821597523,0.02780331149576626
32740371,0.19516020451907873,0.6026012236689224,0.014373400285751469,0.01239944531773911,0.005770941158144706,0.0012834820564352918,0.16841130299392826
32805629,0.045918956849042694,0.5947366141783996,0.3150530285059043,0.006823332508089855,0.004047250609775227,0.005586967357023894,0.027833849991764574
32383284,0.05755535482446657,0.24428472601775778,0.01123213749568588,0.011964359609126047,0.005191392826518178,0.0011867963815967097,0.6685852328448488
32407719,0.5584852420385479,0.27935478874324493,0.059016386693544434,0.013436446198786294,0.0061688375446201735,0.0013935096697576645,0.08214478911149856
32978173,0.017964662592599427,0.20268106593552862,0.6330740331218606,0.0038445453691488577,0.01990022192924923,0.12195197521396373,0.0005834958376494619
32750114,0.019770538643795417,0.1553217287440845,0.7173080294760641,0.004369300631921413,0.02338109527628305,0.07918949806416144,0.0006598091636900892
32645644,0.09441591929985546,0.18985467935221595,0.004109482222196362,0.0331368841738669,0.0053356188695207855,0.0012153917929883784,0.6719320242893562
32938609,0.012091853917260033,0.013560678693200757,0.6263579984640566,0.0037261754691523446,0.23217887301103093,0.11150722295309304,0.0005771974922062382
32792417,0.5230701659271205,0.016027872483417215,0.16124035441136148,0.28166854210949893,0.014283183258115877,0.001311410866661593,0.002398470943824304
32453483,0.022234413980400707,0.16339423524431096,0.0007256520874565754,0.030605902582029054,0.019132697818369477,0.0030273035779201838,0.7608797947095131
32831536,0.0058217221396596784,0.011003359757344571,0.35436022109705234,0.04729625144989681,0.5539078853146757,0.01038951077388454,0.017221049467486444
33014364,0.5208182303832444,0.0187952590147953,0.08127630466721392,0.3610960842666212,0.014328745852765334,0.001307894409379495,0.002377481405980381
32977564,0.11890910624650557,0.04386455081781805,0.7826928324747155,0.02058994188272508,0.030077429358020758,0.0013792635770405576,0.002486875643174468
32506762,0.05533093818406679,0.24361120453046978,0.01179830944627482,0.009365086904752313,0.00610713631155931,0.0019290482567262558,0.6718582763661507
32689926,0.03815188841493326,0.0141868304008603,0.6742812759183492,0.011303124416189603,0.258707460457171,0.0011811804504694978,0.002188239942027105
32578794,0.02497519751685403,0.2805309065639395,0.00357104590241848,0.12819929841803138,0.5572331064083637,0.004321785018576245,0.0011686601718167533
32983347,0.05606239901563446,0.23393939362355062,0.0039018572903091707,0.05689938286420495,0.00506216209203095,0.001151061160892051,0.6429837439533778
32328170,0.015919006813690947,0.04220992578105348,0.28148982222629615,0.006552470937272195,0.00900202130448299,0.0011635491024753566,0.6436632038347287
33004712,0.524511580943498,0.08081045725803584,0.006277785888971934,0.369295818879669,0.005788796464948691,0.0013113902880356638,0.012004170276840772
33062082,0.05856268835421104,0.2452528407175945,0.002922672875972277,0.015095568024187152,0.0066534653718728146,0.001193743449397232,0.670319021206765
32946641,0.02702890457333239,0.006113589507662632,0.6728385706333633,0.004095127298286551,0.253311957773913,0.0359977122381455,0.0006141379752966521
32411315,0.03039650039318792,0.05658207527435492,0.6751342777833622,0.004013247809236708,0.20398319088218736,0.0011655004163658674,0.028725207441305002
33000526,0.057337443965597736,0.23910497318930454,0.0039506919524553855,0.03228257387735649,0.0051497424624498255,0.0011792681667257628,0.6609953063861103
32601708,0.21104309454294717,0.06495602043740135,0.004574394160659541,0.0823565895202418,0.0054926179632701026,0.0012493386841070661,0.6303279446913728
32746913,0.13737147408219086,0.10116812282166585,0.7189188217962106,0.012049017536767159,0.0069720712835948965,0.0012350011705228926,0.02228549130904783
32791382,0.012395293035590716,0.5622512775725508,0.1539390838026471,0.004223683479902385,0.035368099896480196,0.0011974441093872351,0.23062511810344155
32517815,0.011453912345160366,0.012985583501238776,0.5892311875524062,0.0035211005210425334,0.084678410441718,0.2975843028286855,0.0005455028097486939
32179106,0.012469781244576813,0.05344658780691799,0.6590705099806013,0.001429952297752395,0.03938547184943851,0.2320746235596459,0.002123073261067096
33046288,0.25193472167509634,0.5384623819325722,0.025453715457728072,0.004504693422004567,0.014429756354874918,0.0012580825729023425,0.1639566485848216
32534042,0.058735852565533986,0.5368313327759014,0.0017928267348240317,0.03105296259868969,0.006837764903307614,0.0011301944197344644,0.3636190660020088
32889227,0.011721858352682992,0.013654574258110341,0.4268610275920068,0.00329927793073862,0.07468284859809579,0.4689006840257132,0.0008797292426523074
32805566,0.01596236834319221,0.27241375204949814,0.003807898336394991,0.16291321654745974,0.5353970239563174,0.0013773238689800797,0.008128416898157367
32837145,0.10587382475464797,0.04225990176876102,0.7953659200918569,0.03746355454898641,0.008137696811060535,0.010170360620758278,0.0007287414039288536
32548597,0.03671068159256254,0.06709018513291697,0.7360736332338675,0.10990657917021322,0.046028735374853996,0.0024882526852720074,0.0017019328103136371
32510748,0.03888504325357014,0.4231628310529764,0.4983756568617597,0.004416634542276669,0.022430255177402495,0.0026478804764177417,0.01008169863559686
32696396,0.46507301925388755,0.02179853543939788,0.004590463254341997,0.17643322519664734,0.005158958932490988,0.0011570903312995468,0.32578870759193457
33043314,0.018390010635354528,0.28585861612028707,0.5901689300573334,0.004105677745078239,0.012869654755605867,0.001181427060193341,0.08742568362614751
32716230,0.01992845083352012,0.11569924282550063,0.663134766646567,0.005134192117676688,0.18849404004788065,0.0011597308217113492,0.006449576707143518
32094589,0.20670711972327688,0.058660668399867756,0.001709238500177263,0.6854280460231192,0.042559426279839684,0.0013891238618836132,0.0035463772118355793
32564983,0.05263072857367342,0.22489135218162426,0.6670783311839552,0.011281818955331464,0.002748830450857186,0.003010604477799721,0.038358334176758754
32496252,0.017423231175956976,0.23679267750860977,0.06308627097380155,0.0016298517128417278,0.013271285197810836,0.003649316211501654,0.6641473672194773
32642834,0.10296375048779019,0.04251789039625285,0.8065077338462359,0.026677370741456624,0.006252991065688472,0.0032497377855036265,0.011830525677072283
32382932,0.17099174259490596,0.07032155389993315,0.7101641118172906,0.015845643102074803,0.029202429515363615,0.0012323794863357582,0.0022421395840962785
32560665,0.4986685667163867,0.06600786824834255,0.004547964235199964,0.35012543047523337,0.0054447126454217195,0.0012303664904073017,0.07397509118900844
33040272,0.3152887228954704,0.5701781436206852,0.04538421769770159,0.052180702592702945,0.006501111295549825,0.001435388793914642,0.009031713103975337
32966822,0.04552214944722646,0.10845293981365164,0.635867204650774,0.01076213528180902,0.004742404511583402,0.0011001901038009136,0.19355297619115452
33002544,0.18808650736056012,0.12529082205712755,0.6131144828547945,0.013136213109727523,0.0047083738822219015,0.0016915409114484214,0.0539720598241201
32931058,0.10967045740184751,0.5610438408192271,0.004431921732583791,0.03820530209282269,0.005354505296212874,0.001205706902552381,0.2800882657547536
33073216,0.30567259165752836,0.5428726391615746,0.016198456427785272,0.013301261329611088,0.006189403160117959,0.0013716827885991206,0.11439396547478364
32880453,0.04585357843729332,0.6043063916802567,0.2993073039606632,0.03525730820609304,0.00569857109001585,0.0012692061788666907,0.008307640446811298
32497283,0.027510884301037687,0.2425982385470949,0.00306962550806202,0.0055857138072897845,0.02242666154290624,0.001261606012934046,0.6975472702806753
32778891,0.4640688106303187,0.049243307269941035,0.014223772939886258,0.4528725498163884,0.012140050414138766,0.006695220533566972,0.0007562883957598785
32762374,0.42065638247316245,0.237384499448951,0.013518565896898708,0.012153468450489565,0.005472256357079139,0.0012355096307572334,0.3095793177426619
32731282,0.4151287180477266,0.15103648362680083,0.020561899768464204,0.3977728949504463,0.0056821971689346995,0.001297996744518679,0.008519809693108752
32833781,0.016044947172052626,0.06781027814047241,0.3198268157602614,0.01134408221025879,0.0036295987330272486,0.0019510158821986103,0.579393262101729
32938349,0.5405012295850186,0.016295736244160048,0.046169061665144694,0.37854644652681607,0.014646350202323513,0.001357225549956299,0.002483950226580811
32991329,0.20076149700449744,0.08060461764009144,0.0015019504102983115,0.6676433047080363,0.035811986733703574,0.0013551417154600439,0.012321501787912824
32799761,0.32530333242310916,0.023157852811114717,0.01486583872521246,0.5983283654340711,0.00659540931695393,0.03095677990426008,0.0007924213852785968
32719202,0.16470789651460366,0.02862754724429854,0.6682189947758997,0.12133563483050987,0.01333572755992717,0.0022366157020774326,0.0015375833726837275
32778622,0.17854697992618723,0.07379834841000801,0.7037760273683593,0.011770254353571697,0.005258238110368411,0.0011943085115989082,0.025655843319906408
33032575,0.0048681985373595785,0.0187887931548688,0.050072306936350966,0.0018501152409953515,0.23315556900385395,0.043684783489038044,0.6475802336375333
32568724,0.10720409497961547,0.04301056777417823,0.7957910932407348,0.03735857968156744,0.00907497243129897,0.0013796675393860488,0.006181024353219048
33062077,0.4736702201887669,0.02615116525974782,0.0018126465070520022,0.3366385843506873,0.008841062031779182,0.0011934625496389053,0.15169285911232794
32341622,0.06910734643963376,0.05607941632821164,0.004303004075995684,0.697379731772491,0.16906460301181722,0.0014098889226362773,0.0026560094492144347
32565899,0.016541565088074667,0.03485995715557281,0.6098908309176402,0.0057532290720220345,0.00291344302684155,0.004948012285588421,0.32509296245426034
32894859,0.20563031076573574,0.6446435037401873,0.015565368861038759,0.013324482033383097,0.006195941000366779,0.0013792310957887206,0.11326116250349968
32905141,0.031388928685736145,0.012057638478526823,0.6365026543374332,0.0029275999094980024,0.010620335767424955,0.0026822602125351745,0.30382058260884554
32881593,0.516362587486509,0.25921934483899534,0.005519175912897834,0.07725048747363793,0.005794915371264393,0.001295958778658479,0.13455753013803703
32466392,0.17908480361806028,0.0633093885736935,0.723970697295712,0.005559821784746053,0.0147126525190681,0.011319989282997137,0.002042646925722892
33077917,0.19118789761618188,0.025316428436699456,0.001674872863348599,0.3626149860166695,0.006971110846935022,0.0012692242605182457,0.41096547995964733
33015823,0.05983656870804723,0.53371110088628,0.004430103953197796,0.03044628370455386,0.005030365998675087,0.0011247883235466567,0.3654207884256994
32462267,0.5750359036809402,0.28874719026947904,0.027207626428704036,0.05380615564700434,0.006505365837194456,0.0014551020472183369,0.047242656089459704
32651900,0.2001226356042142,0.06412017809878028,0.0014829577353864707,0.6723794359354902,0.05143165716865335,0.0013571431802329404,0.009105992277242556
32669540,0.5882333427025304,0.2981450633799968,0.017353148220568625,0.01226693386375877,0.0027735381624181495,0.017899470910919018,0.06332850275980823
32582328,0.174491523073117,0.04043134054105524,0.7330684045859546,0.03731415176383109,0.005526418238109656,0.0012607273121782766,0.007907434485754209
32894654,0.009809666569549775,0.587793673808731,0.0069995456256800506,0.027773383476866365,0.20606579124427632,0.0012679518499132494,0.16028998742498315
32413319,0.20338265464953645,0.07094233083207592,0.001688779441227394,0.6738881007030713,0.045259765983667745,0.0013618498506786203,0.0034765185397425424
32750889,0.20374600808096738,0.03803262617746877,0.004138269525505871,0.6750368779075899,0.07509929700269116,0.001379152670971873,0.002567768634804905
32476574,0.2130401540046331,0.043748727970014036,0.0016992665756035614,0.6963800050694277,0.03894417851462861,0.001409091103951776,0.0047785767617412244
32708495,0.15492442218916747,0.032289915785427385,0.7525599533948399,0.0483394054163014,0.005601330010931823,0.0039300051844173125,0.0023549680189146557
33031467,0.14047568808911487,0.5808732093792847,0.013101194841955826,0.011844508176987942,0.0041765245296313,0.002110490723554455,0.24741838425947105
32981448,0.03414171872690911,0.007041943462716127,0.6262990236061088,0.012529414772429975,0.007491332142688658,0.3119207826905326,0.0005757845986147223
32361692,0.19385842597121355,0.018210478807147584,0.0042372438740210985,0.6419573968491641,0.13799644636753156,0.0013045856210384074,0.0024354225098837737
32857836,0.014706032963531193,0.002592630601147349,0.3689064109393363,0.018919412630818214,0.130287793391885,0.46400408338059024,0.0005836360926917787
32665962,0.21009022068578234,0.026587314001366123,0.004335624559653441,0.6936886733883633,0.06122627071278579,0.0014156870071733991,0.0026562096448757796
32964098,0.37589928499524866,0.26777004069775356,0.3040332181496452,0.013945256699365884,0.0061476321520903664,0.0013811290613239327,0.030823438244572433
32452670,0.02008908493655844,0.01572459911849452,0.0018451132367662128,0.13751867947541,0.0023247791777939435,0.3683070822114466,0.4541906618435304
32234464,0.017632016334325117,0.002088205062350761,0.5921018632566863,0.23637004396552325,0.13813523967413777,0.01313185313774999,0.0005407785692269131
32745177,0.01335729190980862,0.024804965243326225,0.34641690310920314,0.060317606638191815,0.5512162680543313,0.0013773098218621085,0.0025096552232768163
32963090,0.5247538823102237,0.0826088333556519,0.006395916723360316,0.3664858097799201,0.005907571859846002,0.0013240286110237634,0.012523957359974285
32835294,0.014438538270878648,0.06708840669210935,0.0012874917992849798,0.5556399710314641,0.047769281646812274,0.0011083555385218925,0.3126679550209288
32880722,0.039456323675426216,0.227791180754558,0.6711134168244368,0.011392267071850402,0.005062899346851199,0.0011491224233133555,0.04403478990356402
32899439,0.20151105544923859,0.06824973205090161,0.0015556852083099507,0.6761586528411346,0.043559245924851206,0.0013737563774966802,0.007591872148067322
33009081,0.05156786241044007,0.2427270151629845,0.001652271345359327,0.032680554141527665,0.006636189348948873,0.001187770614755293,0.6635483369759844
32697126,0.011153525956004917,0.04456513054015806,0.5989553435007969,0.003639868398777403,0.03837493420423427,0.3027631952900268,0.000548002110001575
32908494,0.19234662273029657,0.5938346658725437,0.005165366284164751,0.03487247993997969,0.005711593869681601,0.0012667639090319738,0.16680250739430183
32837878,0.007875584486272609,0.11948801734061006,0.018134819581364755,0.001907663372467994,0.045313868169910745,0.024584030212653984,0.7826960168367199
32887592,0.025449249668270835,0.09746270410543775,0.8112984830315144,0.012497857449300202,0.0024775175664340115,0.03288749125852776,0.01792669692051502
33045235,0.03587429714058664,0.5086166647243158,0.005167985553379657,0.39063908145340215,0.056284386947069755,0.0011805891633867216,0.002236995017859407
32728975,0.4664143089638538,0.04764687027417873,0.006801372665294489,0.45858639750823543,0.0063012149085315775,0.0014193423474686804,0.0128304933324374
32541245,0.3916169735379381,0.048779789340108896,0.005105760166748536,0.5150476417827894,0.006209496429593002,0.0014068996015542022,0.031833439141267815
32394481,0.5219426912915369,0.015301533279340761,0.0815807616171824,0.36397024499231806,0.012512232167625578,0.001313167706479613,0.0033793689455166643
32656888,0.25513765685479184,0.5372152446316806,0.005178518936182182,0.03673056834124426,0.005650503590692789,0.0012591878506062134,0.1588283197948022
32216114,0.21377876859225858,0.03922671373735694,0.01700892359844213,0.709768974911697,0.01599330739008915,0.0014595707904165325,0.002763740979739657
32562912,0.20987540710336688,0.6595259089951553,0.045445454454641945,0.06837624525798795,0.0063847973939202786,0.0014088277517002195,0.008983359043227383
33001577,0.05761759598053121,0.24087910298185725,0.00395742977468227,0.03240009982581924,0.00513550706801191,0.0011743941764415684,0.6588358701926567
32973814,0.5287973778139389,0.02542395824618398,0.005015929610171507,0.3736320391744309,0.005887834292679218,0.001339716347472348,0.05990314451512323
32874906,0.47846634773914476,0.07705527364990324,0.0019055638559589603,0.05184649997948616,0.00701439419308951,0.0011936760206324563,0.38251824456178507
32758864,0.00873195667668503,0.01619249652873187,0.34303941758616596,0.012701800313291517,0.5320362448500455,0.08619642266506686,0.001101661380013074
32616763,0.536392721020621,0.055575736409609854,0.006529592454627848,0.3794031847926017,0.018290529805424657,0.0013496211299823852,0.002458614387132498
32870239,0.016515642164363197,0.23183950961176164,0.0035202159036502,0.19308657612943905,0.5454240762680047,0.001387428033498268,0.008226551889282906
32590819,0.2882859648341386,0.5088298488827251,0.0056164846145202495,0.03494736917251021,0.005850599874930377,0.0012967682462745095,0.15517296437490097
32951577,0.46684167128133114,0.04709370978178189,0.003173748327499279,0.4538859794351725,0.020032821438946018,0.0013945071370810949,0.007577562598188081
32340583,0.3777167015601515,0.11603193806672014,0.43598180202399084,0.012733840467388777,0.0053843099353411295,0.0012209651987115202,0.05093044274769615
32605780,0.5467933317899099,0.1582922350090356,0.13129895693292076,0.14028574988147877,0.016108736471577213,0.001416070102986135,0.005804919812091619
32415348,0.10312582614444894,0.017700943014760773,0.7804883626698301,0.005977689043086616,0.018587486830389986,0.0013231858870615609,0.07279650641042204
32654885,0.005110317132267703,0.014424119706048278,0.66746080414173,0.002211202718705869,0.2580183704626662,0.03181580897511998,0.02095937686346193
32589645,0.004788648709828892,0.005672837649781916,0.13680434374395972,0.0022751576905695597,0.13712029859567937,0.06424287135741177,0.6490958422527687
32427529,0.1635749308301376,0.042869578835154,0.7450150272866456,0.012817915535456595,0.005670458309189489,0.0013041479148695008,0.028747941288547185
32453494,0.058989066603447785,0.21007477661339027,0.0014456140329393323,0.6424421956092231,0.07720039232317023,0.001323904153891288,0.008524050663937955
32187464,0.5961943785068189,0.2952314367512231,0.029130633291873466,0.06168061870287359,0.006721970464634993,0.001501907327039546,0.009539054955536494
32733733,0.08324722044764096,0.3129072100540434,0.0015711860888576589,0.05634707962332012,0.006393582054514313,0.0011372038068040951,0.5383965179248195
32360733,0.040973170436951346,0.012552078417250626,0.6130811838522575,0.002338908060523185,0.011593427252749786,0.31835845412150354,0.0011027778587640116
32703816,0.028400473174416945,0.6073912742213492,0.3000710794458867,0.03271839122093897,0.02775344481942369,0.0012912325920974477,0.0023741045258870463
33015424,0.01196324215338429,0.009792622717528562,0.4272937725350472,0.004983342705222748,0.07421342509079296,0.4711639874776964,0.0005896073203277263
32316979,0.10185771078734777,0.008701534447443475,0.6496272677389708,0.20158387728300514,0.034867290618779266,0.002212426064479112,0.0011498930599743635
32837568,0.10993151446947705,0.042632190389042104,0.7960903428449109,0.03715760259905433,0.0037797200228159218,0.0032660834460724623,0.007142546228627156
32654921,0.1931374316419685,0.5918004535004726,0.005190497350270988,0.03553870371072535,0.005675804216003511,0.0012599119429942884,0.16739719763756472
32529517,0.5048822856172364,0.25495847671638366,0.005355192600202842,0.061221802765373624,0.0056791318667702454,0.0012722303458570134,0.16663088008817636
32405329,0.005836758358159825,0.026288374347028277,0.04904161767906205,0.004364444198009398,0.4988057585625386,0.011111549937697633,0.404551496917504
32656711,0.18822599376707355,0.07699809842476002,0.00407092925268697,0.033986198203111495,0.005376151995540398,0.0012337524650058115,0.6901088758918218
32442287,0.4379220554388376,0.08227580430812195,0.0019430041851875618,0.42851834892335194,0.007527858761815459,0.0013160952097662011,0.04049683317291915
32862111,0.5854565742888317,0.2929670409556369,0.010427137276864964,0.04538580797110188,0.0066676460590287924,0.0015044365161232375,0.05759135693241252
32425489,0.018546311813582045,0.005341749799651486,0.6092166487953741,0.0037070509396248752,0.234428529148907,0.001055376748106507,0.1277043327547539
32712629,0.375975310027879,0.052118140330012976,0.0020353155522015083,0.5099044999445914,0.00786579905633906,0.0013642645190729073,0.050736670569903164
32290644,0.2562223042183419,0.5418259178106161,0.01505573724190147,0.012130303977412528,0.005639873452965396,0.0012635616623699018,0.16786230163639276
32445872,0.2070709506057487,0.06678893009333337,0.0017220895858450324,0.6806310485222927,0.03887527093372723,0.0013756706659577124,0.003536039593095212
32376392,0.4545335689260499,0.025415810600487886,0.005043584512365418,0.44657102667923854,0.005645797197435664,0.0017224813764867817,0.06106773070793585
32595353,0.20716153845683055,0.06538557118788595,0.0025399875102070516,0.6853185169850529,0.03465860520492327,0.001391808518302814,0.0035439721367974816
32489708,0.5111333194399424,0.22194393888884875,0.005375956142764418,0.17584945818284387,0.005743012562495729,0.001290111954098334,0.07866420282900644
32607399,0.11011782690875896,0.04530983189063498,0.7904856061754538,0.03775495046637117,0.007717643861125202,0.0013726059550730695,0.00724153474258288
32785710,0.5113220071367351,0.2309560786813117,0.005221429808694415,0.030797058612565577,0.005644969770037654,0.0012736593267959468,0.21478479666385955
32449043,0.07814613728073916,0.020847173364756933,0.7773444526874934,0.025734501914348295,0.0050450635340208855,0.09009072722676678,0.0027919439918745936
33043967,0.32031854076633365,0.18402412133954,0.0020204298525914187,0.33231537283660084,0.016539775686740327,0.001532436298854602,0.14324932321933917
32791999,0.005741988063406927,0.01521730651762183,0.13190918493697884,0.002028514708088098,0.15056313559096454,0.5313025953369926,0.16323727484594713
32617527,0.21462885283820957,0.043713648474465364,0.005068485731009929,0.7036994368554078,0.02876814248878214,0.0014363272342216024,0.0026851063779036754
32508193,0.05565874621574908,0.5043719720348301,0.01107237909448941,0.01088173946066572,0.004172506511171799,0.0015715426066833262,0.4122711140764106
32388565,0.31670829370700027,0.04986064264882798,0.006880467237790885,0.605972596990014,0.012593949813671002,0.002674655966029238,0.005309393636666537
32873749,0.5104120660889916,0.23291058582592733,0.02395770527382153,0.012188084420845213,0.00557562059406542,0.0012607696293349664,0.21369516816701384
32889160,0.01222633140783905,0.14564199772321737,0.003407743800761233,0.0019121134030707615,0.04507253723483111,0.016401051409744606,0.7753382250205358
32265088,0.012999934990679604,0.02026242067438718,0.6338931696417973,0.0029969512970206775,0.09292215702990113,0.0018936329642644453,0.23503173340194983
32986819,0.01944601980067561,0.6034896130647909,0.27788525615032633,0.0059974549811191435,0.06938164889933661,0.0013008644296570132,0.022499142674094443
33065354,0.006769701230783789,0.005207931394725648,0.5555933759392353,0.0012361471292301825,0.025333851557062276,0.2845626368585751,0.12129635589038776
32419658,0.16533960469965261,0.04462839763685431,0.7431796853093529,0.0016980446980006344,0.005640320578427871,0.012223965828885734,0.027289981248826017
32629915,0.023174514766590704,0.1009219033747292,0.7106942509522117,0.006533109820226907,0.1499723647489185,0.007742626230083284,0.0009612301072397828
32329879,0.2418602740758792,0.006478431299542764,0.013298807755941819,0.4661398093379593,0.017098750423031172,0.0016734493979634747,0.2534504777096823
32970384,0.01171390451056491,0.042001331210829114,0.6963833746665611,0.0041573827128812335,0.002173563653399533,0.07161395627483781,0.17195648697092628
32565632,0.17609620255294323,0.07159274793807108,0.6878880265624541,0.011586412663867257,0.005141720968702468,0.0011724111544939473,0.04652247815946797
32699574,0.16588054777697356,0.04104679648635727,0.7453486063972108,0.012442348989156323,0.0030664157629038315,0.002977608456717915,0.02923767613068024
32804597,0.20626066027173628,0.06559537800504342,0.004234805435967375,0.6806807838246514,0.0392648429172878,0.00138471696950731,0.0025788125758064275
33015939,0.09543636703600611,0.1918145791822706,0.004068364822813626,0.03274827467781216,0.005233017016840303,0.001191949064592581,0.6695074481996646
32791497,0.5432121000603132,0.0366635560775939,0.019133068522176562,0.3803821212279754,0.0061285460332950225,0.0013844133070108529,0.01309619477163509
33029489,0.11657070685639348,0.6924609707229216,0.002150015554261379,0.023097948413064708,0.01391230595408748,0.0014591739429286518,0.15034887855634274
32588067,0.4880322917346237,0.1501043227970859,0.004859586485109568,0.057062979939706715,0.005480139858624974,0.0012392140367988688,0.29322146514805025
32485164,0.0647038876441417,0.006239528178331421,0.0022629091915374426,0.398193462139917,0.052131326115277286,0.47571113662253106,0.000757750108264085
32979425,0.28559415787027265,0.5039383905040455,0.0022056400191073225,0.035867290128286565,0.007746764130328575,0.0012866163125116526,0.16336114103544774
32455777,0.16944927054112147,0.043157134314617304,0.7347964892766853,0.034680847217782015,0.007549715211165572,0.009695423890701042,0.0006711195479272914
32910826,0.016394840897104707,0.22890373983235945,0.0014237889099017358,0.09098598809112189,0.016516365680345306,0.0011506745833878142,0.6446246020057791
32941418,0.014463864320292221,0.045334482820145475,0.3570158506508036,0.01044872180950776,0.5625722807343958,0.0014125196990844085,0.008752279965770646
32802755,0.07789717843379403,0.035206645469946285,0.8284202265524294,0.03466763654138715,0.003063915867378289,0.013164947653774628,0.007579449481290172
32369191,0.5170819161649169,0.2618430963811832,0.0055068338568430705,0.037429483337421576,0.0058024945243497755,0.0012980086385633665,0.17103816709672198
32925756,0.524389278715508,0.016137836819994263,0.29551390029028257,0.14565613228822755,0.014526262248583138,0.0013561256404245956,0.0024204639969798887
32618839,0.021176446602725874,0.23460266444663405,0.0021767038646507216,0.0035430175384510896,0.022641750606399003,0.004150179421335512,0.7117092375198038
32648289,0.06145600283046852,0.024526091087351924,0.7589270932490889,0.007134533816084485,0.1382675084243033,0.008978150094756044,0.0007106204979468188
32905851,0.01867421224536609,0.07445553193958207,0.001521420749509768,0.6048885775343255,0.2867470955747519,0.0012251340519751385,0.012488027904489458
32678728,0.007601935483171593,0.027956232510734046,0.012484902754418933,0.0017722903160862738,0.06368582264436015,0.1725673444672801,0.7139314718239489
33045354,0.19489240919156425,0.6008002410352458,0.00521555730472443,0.16139552778572774,0.005912886376362321,0.0012843410575135966,0.030499037248861893
32312021,0.007957368336772437,0.010384254208990492,0.6049306550573925,0.004671794796725248,0.23550045800847103,0.13600488169137248,0.0005505879002757625
32198163,0.5079814369876023,0.2545304198377751,0.0054065620705056475,0.06030156995580582,0.005732925352331929,0.0012789620274256774,0.16476812376855343
32519768,0.48280756921362117,0.07790142135896268,0.00484292607427627,0.04101294487897185,0.005342553323792193,0.0012051234444127085,0.3868874617059632
32920162,0.16502421060246197,0.66505926284423,0.06883952796217471,0.013728338333278033,0.006260707894237165,0.0013993533667421433,0.07968859899687597
33062500,0.539245562305514,0.05088998354039905,0.014171557362293821,0.3793438132070938,0.008693498530098306,0.0013456760378833558,0.0063099090167175655
32562665,0.2866596339666705,0.5072959070744155,0.006549948135584118,0.022383986823718286,0.005797513528566882,0.0012872271790104757,0.17002578329203427
32653423,0.3103050961175784,0.5468655466649583,0.006400732927814848,0.03186757943896374,0.0063532333189651015,0.001399609879432984,0.09680820165228639
32285293,0.38465860533239565,0.06721881777321645,0.0032154165062987933,0.519432243330745,0.019047997525762715,0.0013949179634350061,0.005032001568146378
32851129,0.41468956993776623,0.0789685963850708,0.004907011289706496,0.03954747504788288,0.00427249004364501,0.00239509032171586,0.4552197669742126
33040422,0.04565924951354342,0.5945179314411124,0.31467457250906905,0.005745525464759741,0.015207506319671008,0.02275411308162256,0.001441101670221799
32533777,0.28516854647027057,0.5035409038804181,0.005545057593712254,0.03494899733312031,0.005772887718944654,0.0012816984615325847,0.1637419085420016
32717807,0.5177284051722144,0.005072175808837925,0.04702321276247529,0.3661804308554203,0.008054423406806798,0.05524628318932815,0.0006950688049171109
32350632,0.36267577589376565,0.08287000862511057,0.004746809217591389,0.48740102434639637,0.005856856762556135,0.0013378953062190484,0.0551116298483609
32747155,0.08017239458494561,0.21317776687167772,0.011701371768329773,0.012063423628318134,0.005262561783934655,0.0012065760336152367,0.676415905329179
32697346,0.012391526799304399,0.014863248459985129,0.2715006920013457,0.19891024960087486,0.4987906565118669,0.001263647331412252,0.002279979295210792
32979342,0.11726038457404964,0.016423938067729037,0.0007127056171703958,0.21275069193599255,0.006518192735625546,0.0015814457457850608,0.6447526413236477
32756549,0.5243249383901354,0.07405678602380072,0.005962748101663841,0.37016595308848393,0.02176473386908046,0.0013155597868483725,0.002409280739987308
32844713,0.5191188611578305,0.08180831557317764,0.005907134648929129,0.3673741097012226,0.022077491834221735,0.0013016106607726331,0.0024124764238458614
32662333,0.3149869609593353,0.04735793534187234,0.014397413372521156,0.6027064323839156,0.016273924901473592,0.001496753664157653,0.002780579376724326
32203970,0.2678969461715316,0.3574927629930669,0.00479711059037904,0.04766808093876261,0.005575607871669755,0.001282273279944501,0.31528721815464567
32879862,0.059117200083166746,0.5268054466295355,0.0017472734422116025,0.04491155719871446,0.00652800628498804,0.0011146214382913046,0.3597758949230923
32755231,0.5196516276822395,0.04754784893626153,0.3204223708398267,0.012667392569903835,0.005597975980464442,0.001285138155931073,0.09282764583537292
32489024,0.5359990630399388,0.05266867721501989,0.014009752161095767,0.3787904736587744,0.002508891612081304,0.010989848339955161,0.00503329397313462
32252784,0.03532468683863578,0.24600730005240226,0.0016818475427939194,0.03419615368928792,0.006826022420549455,0.0012221477658161816,0.6747418416905144
32866831,0.008448676765695743,0.014094815932213206,0.5668517661082648,0.006859435197454758,0.2650395383619612,0.13813281647379855,0.0005729511606117055
32643783,0.012963503828473102,0.0581534014462461,0.6066783140334022,0.007262093029650378,0.009658332680535156,0.3047260243631825,0.0005583306185103895
32842277,0.0083063308438156,0.004791599983494934,0.2908741504800283,0.01600405420112298,0.0939536883602466,0.5854580425009026,0.0006121336303889273
32479798,0.035753062509195285,0.01278081083473655,0.6223848232908274,0.010425942571050945,0.004767327819782006,0.3133203030179835,0.0005677299564242111
32432169,0.1471829366766088,0.04132470628059866,0.757871556207151,0.03537217350681629,0.01455139919768626,0.0013051080770804396,0.002392120054058654
32416069,0.19580518033546226,0.6123532408921954,0.006801117621082811,0.017753877540711692,0.005903936327044167,0.0013146169348143039,0.1600680303486895
33036812,0.1673502805766784,0.07295707527857334,0.714215412720193,0.004376420603150763,0.013478277248660889,0.0012092421880689277,0.026413291384674797
32804917,0.18325157378801915,0.07385921058173886,0.0016228832934957632,0.05875964790698872,0.006677797823226872,0.0012125632271284465,0.6746163233794021
32876246,0.005403066870494949,0.006518998749090292,0.5082651468680861,0.0024533901192578494,0.3208982106671177,0.11902108976890968,0.037440096957043444
32826428,0.018661459938729943,0.5378970774923746,0.28185631759702157,0.004021446837111891,0.012570680372198939,0.0011474035783399488,0.14384561418422298
32574896,0.056698241250048256,0.5332978236870117,0.0017684853585225179,0.0385272275261031,0.006712424436016981,0.0011225113108276992,0.36187328643146965
32539346,0.015496237707170592,0.06580428986890215,0.0012837175765232846,0.5430934395635505,0.018480700717891447,0.0010965037327707431,0.3547451108331912
32764148,0.31302097898890674,0.052064979951207714,0.002027261785541482,0.5944981274134292,0.022829512338517738,0.0014614362947627621,0.014097703227634376
