PMID,Treatment,Diagnosis,Prevention,Mechanism,Transmission,Epidemic Forecasting,Case Report
32653511,0.4768111029011027,0.07665909009310243,0.004740269210673965,0.054046175633287674,0.0052560925931995645,0.0011855530280266795,0.38130171654060707
32427104,0.013143798058437656,0.06511683437461116,0.4288856986109604,0.003811105744916092,0.02019419796248293,0.4682641541212223,0.0005842111273694513
32605414,0.03736879830438849,0.01295228191925426,0.6197496257799875,0.003730678875497926,0.011897099908577978,0.3137364805965761,0.0005650346157177193
33066278,0.31663509526080824,0.049133278301680454,0.006351720661652208,0.6015794345825454,0.006569132124384465,0.0014848798716268344,0.018246459197302403
32303609,0.4408613631896082,0.08281496518642151,0.004855197074641635,0.43132399401307336,0.005851029048779657,0.0013188022448506881,0.03297464924262493
32974036,0.06364372868071573,0.10223800030559568,0.7831177995957612,0.0360612164184218,0.0052199417191815005,0.0027369585286122415,0.0069823547517117905
32529409,0.03581587729362115,0.01370175078491421,0.6756909301623055,0.008606651153635804,0.260676335788966,0.001173484049419648,0.004334970767137518
32854414,0.012285533197666076,0.008720996640948959,0.6108103181760478,0.005888574945732664,0.05574447783770774,0.30598292657971415,0.0005671726221825851
32686571,0.17310629896858193,0.039964460904443014,0.7349539784592696,0.025665129993189234,0.021239090036724022,0.004059910299303382,0.001011131338488918
33038592,0.06055225560549567,0.467905175744778,0.0017953147893159244,0.03205953163327216,0.006976351468293361,0.001186938545443088,0.42952443221340175
33009284,0.440199124625176,0.2044933108754309,0.0019817100974945426,0.32656264432418103,0.002420573530968475,0.01574201216811532,0.008600624378633688
32905055,0.04659991659877414,0.07477823351511662,0.704521801400918,0.0044252420308494005,0.16257942336989362,0.004882057584033548,0.0022133255004146662
33058948,0.23498459736588537,0.08572161086957938,0.0017896222951505818,0.6287535399067594,0.015832535099066573,0.0013999054481574841,0.03151818901540125
32340900,0.10807717795297471,0.04364497855358934,0.7916666744967695,0.01846826821846937,0.0342799949396677,0.0013567829010756403,0.0025061229374536945
32419524,0.5146578211452955,0.02081012554273007,0.005053413541624004,0.36162813029548946,0.005730993958436624,0.0012892424939488314,0.09083027302247552
32682788,0.44660575010437836,0.08373797589389867,0.002716835980773854,0.434680822802734,0.027269070507646716,0.001340128332768736,0.0036494163777996127
32834600,0.007156541285107116,0.012637769069254979,0.5744949438916672,0.0012632081820849119,0.10072263681599461,0.29743228631229324,0.00629261444359791
32413736,0.4245998630140658,0.05082932830022807,0.0018500051634664887,0.4158413046904344,0.007227293156024897,0.0012589150111307435,0.09839329066464964
32655019,0.4773446742570105,0.0755844683827085,0.004778915659649654,0.05675769107231811,0.005273918809525924,0.0011915219491865033,0.37906880986960084
32609622,0.10960163344436573,0.06080178132178179,0.7748316341793113,0.03638991070143167,0.014588909296347452,0.001350886365295748,0.002435244691466364
33039295,0.17140530972244977,0.041609248572317646,0.7472109620415448,0.003951972598126139,0.00895176923086335,0.004255090984271649,0.022615646850426645
32633327,0.0745254458895146,0.009986985556044738,0.00424216726513454,0.526534652877062,0.005231718275844798,0.0016831774917770424,0.37779585264462223
32817232,0.011175120632680764,0.6442854556112938,0.13339552499191448,0.041765778413586516,0.16399522315978526,0.001409684834790139,0.003973212355949037
32851612,0.1026911289545008,0.04352203681796653,0.8042468404229226,0.008752450837419663,0.009341116382442267,0.0013702251532287466,0.030076201431519477
32768467,0.03643354139624944,0.22490920706336218,0.01159029906633585,0.017840068617480043,0.0055999406744127915,0.0012803279911817063,0.7023466151909781
32825763,0.5682146014748317,0.28835866085289624,0.0010482091841904004,0.08520866119821839,0.003810373530166265,0.01885811004340463,0.0345013837162923
32900417,0.008651268694182455,0.05789768127570831,0.5024130487552433,0.0013448335622404377,0.09038055070528075,0.2997160929285971,0.03959652407874769
32582741,0.07256553482143005,0.01767605277291979,0.7332862603609485,0.012204614760989748,0.1606260854235824,0.0012660605346187287,0.0023753913255109733
32276501,0.007313425403030166,0.01409392265126192,0.5802619861653762,0.004630673148990529,0.0949922776738541,0.29817042560179685,0.0005372893556903737
33020069,0.5818622307838339,0.28565366467896525,0.02999740291560986,0.014168258748867808,0.006432716166515593,0.0014509730992497676,0.08043475360695779
33010487,0.443367233423867,0.3481709661757963,0.015696277531669224,0.012644232488832619,0.005879530182491996,0.0013204980407684256,0.17292126215657438
33079448,0.555256726511642,0.2785134270818901,0.0889048859896629,0.004846537637012294,0.0025400127774549814,0.060968657401046025,0.008969752601291694
32751841,0.20177913159359387,0.08074426373005046,0.0014682725761925347,0.6624696121451132,0.014663322292877711,0.0013329495412121508,0.037542448120960026
32853469,0.539741466629832,0.046978750381600806,0.014321622685712307,0.3807945560010573,0.0025155397947263227,0.013119783336522861,0.0025282811705483665
32837601,0.525782837873366,0.2653377628947736,0.01602920856724875,0.012663411312342249,0.00586914377311847,0.0013154230927334386,0.1730022124864175
33021869,0.05967766432848668,0.02263218070366335,0.6374738626836995,0.0111610615616765,0.004810089753330693,0.0010559494239062838,0.2631891915452369
32641394,0.01671235525430615,0.06079596285112441,0.5877895216917715,0.003639182505782733,0.010963447675987895,0.0010018718085400787,0.3190976582124875
32768938,0.05700004350618078,0.2347880301228511,0.0015719175056239086,0.05743904442193141,0.006426318180749617,0.0011469397707767784,0.6416277064918864
32398402,0.14674429015831564,0.041259603686159836,0.7617179247918837,0.027475924227531368,0.015377279687064354,0.0017704225757083566,0.0056545548733366495
32423791,0.021780130125377963,0.06502911492878875,0.001253815041548588,0.3042807296409395,0.013555827210275474,0.0010643971209674118,0.5930359859321024
32682453,0.19622692228876357,0.6040120654106419,0.014431583221975585,0.012415432184573017,0.002400431694816502,0.0037966254742786516,0.1667169397249509
32376612,0.5038637315582495,0.22983528746256798,0.004777754096740522,0.20615682853498257,0.005605241282785757,0.0012665203216358667,0.048494636743037736
32970745,0.014684376677803285,0.0025393867012961637,0.3685311304116747,0.02431706823503878,0.13050937686336642,0.4588423961037297,0.000576265007091009
32839091,0.007974092385054098,0.03807582593115167,0.6760299274524604,0.011437258318970318,0.2588213972836982,0.0035197502891765944,0.004141748339488714
32907635,0.5321468706184287,0.2664483914263439,0.015911894049415832,0.013172225272531878,0.005979766615267555,0.0013357541554432422,0.1650050978625687
32553873,0.05588385903157841,0.23811898213498744,0.003978407472043025,0.03245415566568789,0.005171477537138433,0.0011870345606841744,0.6632060835978806
32889236,0.49430451967790745,0.19135718308331773,0.004847605619917518,0.043745589802199815,0.005426904773111479,0.0012300914865276795,0.25908810555701833
32495323,0.17774366711366685,0.07331017140893588,0.7033291548108717,0.01023012790848402,0.0028790232982896596,0.004430787191567887,0.028077068268184076
32740371,0.19528887861122923,0.6022004829689513,0.014350385675541217,0.012373306329512493,0.005754621252807967,0.0012807557273911971,0.16875156943456654
32805629,0.045918956849042694,0.5947366141783996,0.3150530285059043,0.006823332508089855,0.004047250609775227,0.005586967357023894,0.027833849991764574
32383284,0.057194687311865056,0.24431160922147704,0.011254917566422532,0.011965953396091324,0.005197369916810796,0.0011877663191774393,0.6688876962681558
32407719,0.5235522634942014,0.26314687352470795,0.02302503800893699,0.012604240837801834,0.005833138752126708,0.001311953643547499,0.17052649173867745
32978173,0.017964662592599427,0.20268106593552862,0.6330740331218606,0.0038445453691488577,0.01990022192924923,0.12195197521396373,0.0005834958376494619
32750114,0.021676769459462276,0.1703569829174308,0.7196359009103619,0.006866112835538176,0.02672405338349172,0.054077863452709596,0.0006623170410056396
32645644,0.09441591929985546,0.18985467935221595,0.004109482222196362,0.0331368841738669,0.0053356188695207855,0.0012153917929883784,0.6719320242893562
32938609,0.012040476453482813,0.013547062553905826,0.6247832270749724,0.003714827894654705,0.23471252794892195,0.1106255303530476,0.0005763477210147418
32792417,0.5230701659271205,0.016027872483417215,0.16124035441136148,0.28166854210949893,0.014283183258115877,0.001311410866661593,0.002398470943824304
32453483,0.022234413980400707,0.16339423524431096,0.0007256520874565754,0.030605902582029054,0.019132697818369477,0.0030273035779201838,0.7608797947095131
32831536,0.005562091712609777,0.005001271557298742,0.347654103830063,0.0590949926771643,0.5470952889243923,0.0067174792802907005,0.028874772018181165
33014364,0.5208182303832444,0.0187952590147953,0.08127630466721392,0.3610960842666212,0.014328745852765334,0.001307894409379495,0.002377481405980381
32977564,0.11890910624650557,0.04386455081781805,0.7826928324747155,0.02058994188272508,0.030077429358020758,0.0013792635770405576,0.002486875643174468
32506762,0.05264129263328352,0.24377591654322686,0.012181684648208175,0.0041481261797729225,0.009373027366078687,0.004441953849027927,0.6734379987804019
32689926,0.0374763034142339,0.01412052403204903,0.6739678965963394,0.011272279291064774,0.25980295764268285,0.0011791007636380141,0.0021809382599921982
32578794,0.02497519751685403,0.2805309065639395,0.00357104590241848,0.12819929841803138,0.5572331064083637,0.004321785018576245,0.0011686601718167533
32983347,0.05606239901563446,0.23393939362355062,0.0039018572903091707,0.05689938286420495,0.00506216209203095,0.001151061160892051,0.6429837439533778
32328170,0.01590571359755462,0.04011542218758685,0.2829687497124448,0.006557247327657461,0.009004047708993584,0.0011640310022609304,0.6442847884635017
33004712,0.524511580943498,0.08081045725803584,0.006277785888971934,0.369295818879669,0.005788796464948691,0.0013113902880356638,0.012004170276840772
33062082,0.058433784371264584,0.24527164890295844,0.0029232484505609508,0.015090299343084434,0.006674178859560276,0.0011944139102579064,0.6704124261623134
32946641,0.02683418229902191,0.005646585301149736,0.6675098024650524,0.004058470351969764,0.25266345262852874,0.042678647478763806,0.0006088594755135613
32411315,0.03039650039318792,0.05658207527435492,0.6751342777833622,0.004013247809236708,0.20398319088218736,0.0011655004163658674,0.028725207441305002
33000526,0.05674371008286563,0.23866545122861513,0.003955015201323091,0.032331688352263487,0.005161348983285247,0.0011824532475441193,0.6619603329041033
32601708,0.21397458228592647,0.07900345624181623,0.004748517773484263,0.061983416436287776,0.005552189770042935,0.0012602715274898444,0.6334775659649525
32746913,0.09377762221556567,0.15564935888661915,0.7062707231206056,0.010235161122676516,0.006764201105570992,0.0012195290443250727,0.026083404504636993
32791382,0.011859255441808434,0.5443470238353866,0.22123625270279473,0.004108853818869726,0.033315053764261825,0.0011556916905597898,0.1839778687463188
32517815,0.0114166987447842,0.012865674905686825,0.5860745786071474,0.003495833349178564,0.08863155480359022,0.296974402240365,0.0005412573492477972
32179106,0.012469781244576813,0.05344658780691799,0.6590705099806013,0.001429952297752395,0.03938547184943851,0.2320746235596459,0.002123073261067096
33046288,0.25193472167509634,0.5384623819325722,0.025453715457728072,0.004504693422004567,0.014429756354874918,0.0012580825729023425,0.1639566485848216
32534042,0.058344690975935684,0.5399169441535696,0.001798284564536642,0.02564765255646958,0.008177920486411638,0.0011347130075731844,0.36497979425550364
32889227,0.011721858352682992,0.013654574258110341,0.4268610275920068,0.00329927793073862,0.07468284859809579,0.4689006840257132,0.0008797292426523074
32805566,0.015948845401994566,0.27164292615154306,0.003803044033424985,0.16374335629455264,0.5353820406379344,0.0013763618421908188,0.008103425638359576
32837145,0.10587382475464797,0.04225990176876102,0.7953659200918569,0.03746355454898641,0.008137696811060535,0.010170360620758278,0.0007287414039288536
32548597,0.03671068159256254,0.06709018513291697,0.7360736332338675,0.10990657917021322,0.046028735374853996,0.0024882526852720074,0.0017019328103136371
32510748,0.03749201578755513,0.2342064770900604,0.6850546471419305,0.006438620865055774,0.012839407729082448,0.023326372341009552,0.0006424590453059969
32696396,0.46507301925388755,0.02179853543939788,0.004590463254341997,0.17643322519664734,0.005158958932490988,0.0011570903312995468,0.32578870759193457
33043314,0.01833728972040145,0.22478054292849334,0.6570873576835949,0.004025402648670578,0.012351319353254587,0.0011475378980370509,0.0822705497675481
32716230,0.01998222564739035,0.08324117590583946,0.6593617750615529,0.007480232494379844,0.22330944506597722,0.0011579183031739325,0.005467227521686336
32094589,0.20724220210034563,0.0476653917335127,0.0017286939033548446,0.6865873987196436,0.05183124935538548,0.00139115808805253,0.0035539060997052756
32564983,0.052604080845489176,0.22556410264708066,0.6672749592655383,0.011262878152867447,0.0027470266521396522,0.003001911605426942,0.037545040831457835
32496252,0.017650202013546237,0.23786788225328132,0.05745804962018051,0.0016344043324702008,0.013367149183205923,0.003678292452130351,0.6683440201451853
32642834,0.10296375048779019,0.04251789039625285,0.8065077338462359,0.026677370741456624,0.006252991065688472,0.0032497377855036265,0.011830525677072283
32382932,0.17099174259490596,0.07032155389993315,0.7101641118172906,0.015845643102074803,0.029202429515363615,0.0012323794863357582,0.0022421395840962785
32560665,0.4986685667163867,0.06600786824834255,0.004547964235199964,0.35012543047523337,0.0054447126454217195,0.0012303664904073017,0.07397509118900844
33040272,0.3209638042695763,0.5739747695557791,0.015523613794097207,0.06352547844234636,0.006593623312342053,0.0014540423434806404,0.01796466828237838
32966822,0.08719174153318038,0.10957204315883229,0.6457841398226731,0.01086073217946797,0.004859307981489145,0.0011174131108310952,0.14061462221352594
33002544,0.17456637378030562,0.07229916959964065,0.6857070135224818,0.011533902164755992,0.0039051213289805166,0.001966085515725332,0.05002233408811021
32931058,0.10967045740184751,0.5610438408192271,0.004431921732583791,0.03820530209282269,0.005354505296212874,0.001205706902552381,0.2800882657547536
33073216,0.2965011401682583,0.5294329922032708,0.015653309890594515,0.012962203455963333,0.005999287752868543,0.0013306406888596832,0.13812042584018494
32880453,0.04585357843729332,0.6043063916802567,0.2993073039606632,0.03525730820609304,0.00569857109001585,0.0012692061788666907,0.008307640446811298
32497283,0.036485146771450115,0.24393906425401374,0.0030340278563811738,0.005545414374876831,0.01653593823332305,0.001248579392895754,0.6932118291170594
32778891,0.46455523518899133,0.04830324753128502,0.014228970778144844,0.4534876026048579,0.006207934433532696,0.012460476842702115,0.0007565326204861558
32762374,0.42065638247316245,0.237384499448951,0.013518565896898708,0.012153468450489565,0.005472256357079139,0.0012355096307572334,0.3095793177426619
32731282,0.4151287180477266,0.15103648362680083,0.020561899768464204,0.3977728949504463,0.0056821971689346995,0.001297996744518679,0.008519809693108752
32833781,0.016044947172052626,0.06781027814047241,0.3198268157602614,0.01134408221025879,0.0036295987330272486,0.0019510158821986103,0.579393262101729
32938349,0.5405060981673342,0.01627915911075643,0.0460170890469004,0.37871703356471537,0.01464403444337693,0.0013561545294336322,0.0024804311374830084
32991329,0.24590549783492838,0.11387577301168887,0.0014983237020696608,0.5919300119481515,0.029142309237795365,0.0012878046542122077,0.016360279611154015
32799761,0.3263348402522729,0.026640675985430427,0.014844737722772599,0.6009836071896408,0.0066156944942839776,0.0237856976991795,0.0007947466564197276
32719202,0.16470789651460366,0.02862754724429854,0.6682189947758997,0.12133563483050987,0.01333572755992717,0.0022366157020774326,0.0015375833726837275
32778622,0.17854697992618723,0.07379834841000801,0.7037760273683593,0.011770254353571697,0.005258238110368411,0.0011943085115989082,0.025655843319906408
33032575,0.0048681985373595785,0.0187887931548688,0.050072306936350966,0.0018501152409953515,0.23315556900385395,0.043684783489038044,0.6475802336375333
32568724,0.10910324221295989,0.04326430154871963,0.7942152603776792,0.0373418847843471,0.0075577983825935585,0.001375115202714309,0.007142397490986293
33062077,0.42039502945291235,0.05666344006440449,0.0018361616580830724,0.41287957345392046,0.010849977840942517,0.0012860822652442307,0.0960897352644928
32341622,0.06910734643963376,0.05607941632821164,0.004303004075995684,0.697379731772491,0.16906460301181722,0.0014098889226362773,0.0026560094492144347
32565899,0.016673841542446333,0.03579227568760314,0.6138714806396397,0.004394289928524412,0.004096870822745983,0.006031565050468977,0.31913967632857154
32894859,0.20272450523051608,0.6333364157027328,0.015258512954540443,0.013055510330621144,0.006066228416930243,0.0013527937685259448,0.12820603359613342
32905141,0.030763757982662086,0.011856238210348109,0.6194509343835072,0.001409830022306703,0.010377521460361193,0.004391571338593898,0.3217501466022209
32881593,0.516362587486509,0.25921934483899534,0.005519175912897834,0.07725048747363793,0.005794915371264393,0.001295958778658479,0.13455753013803703
32466392,0.16146325755039523,0.01684447267023509,0.728274616444889,0.005823158034410402,0.0520049813534168,0.034911694300101714,0.0006778196465518546
33077917,0.19118789761618188,0.025316428436699456,0.001674872863348599,0.3626149860166695,0.006971110846935022,0.0012692242605182457,0.41096547995964733
33015823,0.05977699983779276,0.5337727093214836,0.004430335428469918,0.03048894537768887,0.005032828020616461,0.0011250598567035678,0.3653731221572448
32462267,0.5642411374917862,0.28305779995154556,0.007409173569192974,0.06455136995877542,0.006317895431107378,0.0014181886061230796,0.07300443499146939
32651900,0.2001226356042142,0.06412017809878028,0.0014829577353864707,0.6723794359354902,0.05143165716865335,0.0013571431802329404,0.009105992277242556
32669540,0.5805765696931691,0.2937777839769949,0.017168017213937757,0.005043551287433109,0.0027313823363923117,0.03921046251376037,0.061492232978312376
32582328,0.1746384138445119,0.03231243991310698,0.7239272814474871,0.05458726416420652,0.005431367951680284,0.001242276925684798,0.007860955753322399
32894654,0.009820101721234816,0.5895818114446532,0.016518483633048624,0.014725133695726625,0.20639430609514026,0.0012781475268902997,0.16168201588330608
32413319,0.20358291298655998,0.06896175894566892,0.0016868395748999565,0.6742817888438782,0.04664948167163903,0.001362040679730189,0.003475177297623673
32750889,0.2055393632390315,0.03608309032608065,0.001719919274024591,0.6793913985473032,0.07237597899149409,0.0013854447057912477,0.0035048049162748098
32476574,0.2130757755117445,0.04377473039062407,0.0016984864778658737,0.6963208820395332,0.03894974654120127,0.0014097955951602272,0.0047705834438708464
32708495,0.16528482546949108,0.0319893432740341,0.7422860153435066,0.048739521790165684,0.005526917799745718,0.003850295943980713,0.0023230803790762395
33031467,0.13942308519678098,0.5812570128233755,0.015626186462889227,0.011885633267148385,0.0037682267489006953,0.0024367560288332418,0.24560309947207198
32981448,0.03418264318641382,0.006466060375690386,0.6240157905013575,0.012519617424620811,0.012008717958355869,0.31023321102744195,0.0005739595261197378
32361692,0.19385842597121355,0.018210478807147584,0.0042372438740210985,0.6419573968491641,0.13799644636753156,0.0013045856210384074,0.0024354225098837737
32857836,0.01468159030377245,0.002594901441871337,0.36781443571449124,0.019111759823844797,0.13151606036630792,0.46369788922039057,0.0005833631293216668
32665962,0.21025507502620538,0.02685782462510431,0.004324002224906364,0.6937077595217969,0.060786355062392786,0.0014138948811114262,0.002655088658482868
32964098,0.4773093053951557,0.3738573323441908,0.09576770444602317,0.013747032693188502,0.006315579919228644,0.0014206672903636054,0.03158237791184971
32452670,0.02008908493655844,0.01572459911849452,0.0018451132367662128,0.13751867947541,0.0023247791777939435,0.3683070822114466,0.4541906618435304
32234464,0.017632016334325117,0.002088205062350761,0.5921018632566863,0.23637004396552325,0.13813523967413777,0.01313185313774999,0.0005407785692269131
32745177,0.01353647179992272,0.034530358889617814,0.3481781949422113,0.04796143356286005,0.5518970981523871,0.0013810846100237133,0.00251535804297727
32963090,0.5315432791335032,0.2668005231988767,0.006338125727678623,0.16628555157910735,0.006094095664900034,0.001355030782621502,0.021583393913312633
32835294,0.012548905248657708,0.06501683224545177,0.0012889550463704227,0.48946379875418666,0.03278170693816525,0.0010768340592175528,0.39782296770795056
32880722,0.040769617803281574,0.2271383721910447,0.6672386884372201,0.011316304842779758,0.005021944792277542,0.0011412660706957198,0.04737380586270068
32899439,0.20151105544923859,0.06824973205090161,0.0015556852083099507,0.6761586528411346,0.043559245924851206,0.0013737563774966802,0.007591872148067322
33009081,0.05156786241044007,0.2427270151629845,0.001652271345359327,0.032680554141527665,0.006636189348948873,0.001187770614755293,0.6635483369759844
32697126,0.011213955409846191,0.03807300495079243,0.5931337456744522,0.003594153780630241,0.05142039283111057,0.3020235519679368,0.000541195385231648
32908494,0.1921203768692954,0.5941535462687993,0.005169209154830024,0.035165753821423076,0.0057201574614594245,0.001268071751535806,0.1664028846726569
32837878,0.008015300168010232,0.13983941288477927,0.01797986746301094,0.0018984890933338027,0.04452144813566896,0.012092745098779025,0.7756527371564179
32887592,0.019685464292483284,0.05439230583783603,0.7188685358234425,0.004342125595542821,0.0022729264515188247,0.03483355357938548,0.1656050884197911
33045235,0.03587429714058664,0.5086166647243158,0.005167985553379657,0.39063908145340215,0.056284386947069755,0.0011805891633867216,0.002236995017859407
32728975,0.466186107098593,0.04779386083020338,0.006801979037272107,0.4581731660497813,0.008077011206507556,0.0014161101380298132,0.011551765639612748
32541245,0.3916169735379381,0.048779789340108896,0.005105760166748536,0.5150476417827894,0.006209496429593002,0.0014068996015542022,0.031833439141267815
32394481,0.5205179878903571,0.015221065143994012,0.08439112161565801,0.36271255292490384,0.012484769464627102,0.0013116771319988786,0.00336082582846116
32656888,0.25551356973003125,0.5392171945237919,0.005197822375538505,0.03939681944873928,0.0056731937941663715,0.0012644068220289714,0.15373699330570365
32216114,0.21399326282785186,0.039157961863564864,0.016729277910786856,0.7099214276886835,0.015982628751338827,0.0014578330269996525,0.002757607930774439
32562912,0.20987540710336688,0.6595259089951553,0.045445454454641945,0.06837624525798795,0.0063847973939202786,0.0014088277517002195,0.008983359043227383
33001577,0.05761759598053121,0.24087910298185725,0.00395742977468227,0.03240009982581924,0.00513550706801191,0.0011743941764415684,0.6588358701926567
32973814,0.5279327545986994,0.025320390073572296,0.005003693234187232,0.3732471132721103,0.0058707375775588055,0.001337329712301718,0.06128798153157013
32874906,0.30630147559300297,0.07427106539803414,0.001619124213358977,0.05236387820406926,0.006589552678389515,0.001171769972255416,0.5576831339408896
32758864,0.008726027888592704,0.015792916141765822,0.3379827958946822,0.012554578298432506,0.5231490588461108,0.10109056954178927,0.0007040533886266422
32616763,0.5364350406506898,0.05525466101017614,0.006514755002606373,0.3796755609997622,0.018313024296896366,0.0013486734007131633,0.0024582846391558943
32870239,0.01746942638039419,0.23302625066447186,0.0023376661935616996,0.19789505147736458,0.5396525554004059,0.0013762306605717165,0.008242819223229909
32590819,0.2860422913465336,0.5047917610231755,0.005574818720920179,0.03473622332144107,0.00580042578046029,0.001286806716317727,0.16176767309115164
32951577,0.46684167128133114,0.04709370978178189,0.003173748327499279,0.4538859794351725,0.020032821438946018,0.0013945071370810949,0.007577562598188081
32340583,0.5529127170916424,0.27579906069421334,0.09142321452968265,0.013734986474376768,0.006056586720109089,0.00137525704733711,0.058698177442638624
32605780,0.5467933317899099,0.1582922350090356,0.13129895693292076,0.14028574988147877,0.016108736471577213,0.001416070102986135,0.005804919812091619
32415348,0.10304444613666838,0.018071310036844083,0.789253384721364,0.004926652997620054,0.0252184212479445,0.001350982803496149,0.05813480205606286
32654885,0.005110317132267703,0.014424119706048278,0.66746080414173,0.002211202718705869,0.2580183704626662,0.03181580897511998,0.02095937686346193
32589645,0.00476967768949054,0.005640594856264421,0.15052214599306235,0.002573518343930203,0.1356068087520905,0.06276460775520534,0.6381226466099567
32427529,0.16391656139964322,0.042805847874273995,0.7449697086019768,0.012730672158042994,0.005658088926944924,0.0013053399062925503,0.028613781132825544
32453494,0.058989066603447785,0.21007477661339027,0.0014456140329393323,0.6424421956092231,0.07720039232317023,0.001323904153891288,0.008524050663937955
32187464,0.5880873327904833,0.2937912807245066,0.02642629579663151,0.07409417722502595,0.006662573780887404,0.0014894260879532337,0.009448913594511903
32733733,0.0569481782605535,0.23507747593933281,0.0015740075207840488,0.05662605856260359,0.006414676271697619,0.0011448798462494036,0.642214723598779
32360733,0.040973170436951346,0.012552078417250626,0.6130811838522575,0.002338908060523185,0.011593427252749786,0.31835845412150354,0.0011027778587640116
32703816,0.022182723331922657,0.6100221449893806,0.29916391525268793,0.033677148497548035,0.03127267369269562,0.0012947050716640791,0.002386689164101158
33015424,0.011960889951728317,0.009761405546603773,0.42717626288273997,0.004918830721119454,0.07411566749678525,0.4714774222027659,0.0005895211982572633
32316979,0.10185771078734777,0.008701534447443475,0.6496272677389708,0.20158387728300514,0.034867290618779266,0.002212426064479112,0.0011498930599743635
32837568,0.11217527199149377,0.04276886647521335,0.7939776284246414,0.03694561891023941,0.003769774134149673,0.0032295778032602105,0.0071332622610022186
32654921,0.1960935697645027,0.6029406243729027,0.006592274446546631,0.017129262625108187,0.00575536507948715,0.0012798730702932128,0.17020903064115933
32529517,0.5048822856172364,0.25495847671638366,0.005355192600202842,0.061221802765373624,0.0056791318667702454,0.0012722303458570134,0.16663088008817636
32405329,0.005836507070234767,0.026512117212552956,0.04679722786417502,0.0056673081656439675,0.500179101914594,0.008943579118290277,0.40606415865450896
32656711,0.18822599376707355,0.07699809842476002,0.00407092925268697,0.033986198203111495,0.005376151995540398,0.0012337524650058115,0.6901088758918218
32442287,0.4379220554388376,0.08227580430812195,0.0019430041851875618,0.42851834892335194,0.007527858761815459,0.0013160952097662011,0.04049683317291915
32862111,0.5854565742888317,0.2929670409556369,0.010427137276864964,0.04538580797110188,0.0066676460590287924,0.0015044365161232375,0.05759135693241252
32425489,0.012514204879551788,0.009400307682193193,0.6065132268884126,0.003680975420877186,0.2342819861314882,0.0010515118213380473,0.13255778717613897
32712629,0.375975310027879,0.052118140330012976,0.0020353155522015083,0.5099044999445914,0.00786579905633906,0.0013642645190729073,0.050736670569903164
32290644,0.2561540595659483,0.54204404134964,0.014733278542002428,0.012129403839454758,0.005640433138362329,0.0012635564101059643,0.16803522715448632
32445872,0.2070709506057487,0.06678893009333337,0.0017220895858450324,0.6806310485222927,0.03887527093372723,0.0013756706659577124,0.003536039593095212
32376392,0.4549754727758895,0.025334411531202188,0.005054601338058346,0.44687850610012064,0.0047719947564691416,0.002240318402273374,0.06074469509598681
32595353,0.20724767977210884,0.06855481020604501,0.0025306056586772638,0.6850692756365155,0.03166748334375998,0.0013895545147065112,0.003540590868186883
32489708,0.5031961104283289,0.15643348336699842,0.004748525885796166,0.2755959371158113,0.00553482110712888,0.0012530542223670037,0.053238067873569196
32607399,0.10850426783401676,0.04509762961117617,0.7944117599455934,0.03334162296215874,0.010005099999060425,0.001381554919682748,0.0072580647283118135
32785710,0.5226227126253415,0.2619231134546197,0.005875665622977037,0.031923205360687816,0.005888102862447521,0.0013181000198445093,0.17044910005408176
32449043,0.07810134472308365,0.020859834472904647,0.7780664699868833,0.025706199442804167,0.005056019256291686,0.08941048446558801,0.002799647652444541
33043967,0.31969113752517975,0.18404911838686144,0.002014593280992768,0.331919529922405,0.016489797449776016,0.0015276770043337576,0.1443081464304513
32791999,0.005741988063406927,0.01521730651762183,0.13190918493697884,0.002028514708088098,0.15056313559096454,0.5313025953369926,0.16323727484594713
32617527,0.21474195839448212,0.04366810126611172,0.005060582616241139,0.7036808957316698,0.028728249304962095,0.0014358471584770842,0.0026843655280561016
32508193,0.059529045712927074,0.5415646282125025,0.012328316899064948,0.011050805757134933,0.002873710355861389,0.0029184201605315656,0.36973507290197755
32388565,0.31642801764469897,0.04904083750435538,0.006856835467736822,0.6051332856792684,0.01084308365356899,0.010876473674580205,0.0008214663757911786
32873749,0.5099428251448523,0.23259488716987492,0.025183245827107847,0.012174144458197332,0.00557499447803205,0.0012605495272932144,0.2132693533946423
32889160,0.008061951702520043,0.10548144820115327,0.006195010860976962,0.0019557155564021,0.04695899952188737,0.031487150334671775,0.7998597238223885
32265088,0.019326414163283213,0.01863224410856182,0.638604571329535,0.0033177303847908776,0.09399956737067124,0.0014798423220094296,0.22463963032114842
32986819,0.01944601980067561,0.6034896130647909,0.27788525615032633,0.0059974549811191435,0.06938164889933661,0.0013008644296570132,0.022499142674094443
33065354,0.006769701230783789,0.005207931394725648,0.5555933759392353,0.0012361471292301825,0.025333851557062276,0.2845626368585751,0.12129635589038776
32419658,0.16436570303098003,0.044225948598686504,0.7444800219970852,0.0017005193817902237,0.005646155064859468,0.012273876647499713,0.027307775279098855
32629915,0.023174514766590704,0.1009219033747292,0.7106942509522117,0.006533109820226907,0.1499723647489185,0.007742626230083284,0.0009612301072397828
32329879,0.2418602740758792,0.006478431299542764,0.013298807755941819,0.4661398093379593,0.017098750423031172,0.0016734493979634747,0.2534504777096823
32970384,0.011467757503218278,0.015639301931511612,0.6484379521106737,0.003227129152611456,0.0033481425419942474,0.06497519470041024,0.25290452205958036
32565632,0.17615525226944578,0.07157220589693736,0.6884981133654378,0.011597522265059067,0.005146176583175065,0.001173240037668155,0.045857489582276846
32699574,0.16588054777697356,0.04104679648635727,0.7453486063972108,0.012442348989156323,0.0030664157629038315,0.002977608456717915,0.02923767613068024
32804597,0.20716970572343768,0.06256284596320716,0.004258716257895193,0.6829280920283826,0.039104993571237534,0.0013885059266694813,0.002587140529170423
33015939,0.09540455660791651,0.19180044904808358,0.0040685563266519105,0.032754758637902545,0.005233547336686917,0.0011922377188413348,0.6695458943239172
32791497,0.5432438709848733,0.036796166071401876,0.019975827416210023,0.37937439169525067,0.0061228840521063265,0.0013850210821662824,0.013101838697991447
33029489,0.1155686090155779,0.698292554314122,0.002123254514842529,0.01904706236438517,0.022688862833034756,0.0014598436842065718,0.14081981327383106
32588067,0.4889887507243217,0.15044779425112798,0.004874412326899594,0.05654636298646287,0.005475918730872397,0.001240029312083691,0.29242673166823185
32485164,0.06407875407108055,0.0061202380434186715,0.0017506554542760099,0.4479158090113827,0.06010987875360664,0.41928513620975283,0.0007395284564825255
32979425,0.286216140719178,0.5054555965898588,0.002206945277903441,0.03690738879924351,0.007768937449287182,0.001291130728183772,0.1601538604363452
32455777,0.16670916903219218,0.0421901970397322,0.7388698481846125,0.034547459842913665,0.005585668524638552,0.011423134320338549,0.0006745230555724139
32910826,0.020927411957221677,0.2392970956393762,0.0005744519859879469,0.04586984180816253,0.016771238420092056,0.0016493990243947368,0.6749105611647648
32941418,0.013998830320055328,0.04518271719455598,0.35673696955079087,0.011703001572250743,0.5622271785253183,0.0014114254623990336,0.008739877374629753
32802755,0.06625221965757153,0.057078911259446544,0.8216964809925098,0.022004415868631604,0.002509673325559476,0.01681212790626644,0.013646170990014677
32369191,0.5170819161649169,0.2618430963811832,0.0055068338568430705,0.037429483337421576,0.0058024945243497755,0.0012980086385633665,0.17103816709672198
32925756,0.524389278715508,0.016137836819994263,0.29551390029028257,0.14565613228822755,0.014526262248583138,0.0013561256404245956,0.0024204639969798887
32618839,0.035428838890559956,0.23901786665322006,0.0021371947715473007,0.00694612641366555,0.012720213193761317,0.0021915984626226415,0.7015581616146231
32648289,0.06145600283046852,0.024526091087351924,0.7589270932490889,0.007134533816084485,0.1382675084243033,0.008978150094756044,0.0007106204979468188
32905851,0.01867421224536609,0.07445553193958207,0.001521420749509768,0.6048885775343255,0.2867470955747519,0.0012251340519751385,0.012488027904489458
32678728,0.007609744012908155,0.028230706269436225,0.012487612375641808,0.0017722291162780078,0.06305661299096851,0.17254795378775017,0.714295141447017
33045354,0.19463213306661425,0.600248294534814,0.005190456988823077,0.16158484177989985,0.005910747712034653,0.0012827060611577054,0.03115081985665652
32312021,0.007957368336772437,0.010384254208990492,0.6049306550573925,0.004671794796725248,0.23550045800847103,0.13600488169137248,0.0005505879002757625
32198163,0.5100580980946989,0.254162630061744,0.005421143930393951,0.06144034667847187,0.005765040241831151,0.0012849532031075756,0.16186778778975255
32519768,0.477867085878931,0.07703942663718213,0.004773218771181876,0.051066226500650014,0.005284713951542852,0.0011918200000908589,0.3827775082604213
32920162,0.2037195472613907,0.6654593540216468,0.051118692797675405,0.013709365798296768,0.0063121627835979795,0.0014085610037768935,0.05827231633361539
33062500,0.539245562305514,0.05088998354039905,0.014171557362293821,0.3793438132070938,0.008693498530098306,0.0013456760378833558,0.0063099090167175655
32562665,0.286709742864329,0.5074247727137526,0.006550233592697963,0.022393034346108277,0.0058009070521523294,0.0012875456411809384,0.16983376378977894
32653423,0.3074589764354587,0.5398276221583833,0.006018590885839081,0.03754952667339854,0.006265966659262166,0.001382710103008332,0.10149660708464983
32285293,0.38515699838963646,0.06654500920095185,0.003585651932744599,0.520380505834483,0.019116923938832072,0.001396077085170611,0.003818833618181339
32851129,0.41468956993776623,0.0789685963850708,0.004907011289706496,0.03954747504788288,0.00427249004364501,0.00239509032171586,0.4552197669742126
33040422,0.04652098343983725,0.5928604823483535,0.31464559909333295,0.005734614898846064,0.015276854834371408,0.02352401666004284,0.0014374487252158663
32533777,0.2844850988969129,0.5022815700915164,0.005527390273344093,0.0351192473948883,0.005753902351180302,0.0012780726470289533,0.165554718345129
32717807,0.5177284051722144,0.005072175808837925,0.04702321276247529,0.3661804308554203,0.008054423406806798,0.05524628318932815,0.0006950688049171109
32350632,0.29206294760653373,0.08410014170322055,0.0047559201059253625,0.5557181384178291,0.005960950519236104,0.0013568356395974404,0.05604506600765767
32747155,0.07996622782118332,0.2130101307263828,0.01215059938835264,0.012055815793396329,0.005263283491043324,0.001208076466464853,0.6763458663131768
32697346,0.012389227860685545,0.014815825191512222,0.27137436168203893,0.19834195664724713,0.49934013859341453,0.0023757534549994374,0.0013627365701021753
32979342,0.09720069016189814,0.018421757749104845,0.0015745452012232506,0.24522845837317284,0.006354480631774054,0.001143985302089106,0.6300760825807379
32756549,0.5229293353409024,0.07608106518084871,0.0059334786436991555,0.3695388399815228,0.02180309930040209,0.0013103273734658722,0.0024038541791591445
32844713,0.5194785874966031,0.08169090825407453,0.005917962099213098,0.3672929479741507,0.02190736595313106,0.0013028792651978874,0.0024093489576297684
32662333,0.3147427358384477,0.04731957679212577,0.014382015294183977,0.602186505427321,0.016250946838821428,0.003942749684869997,0.0011754701242300122
32203970,0.2678969461715316,0.3574927629930669,0.00479711059037904,0.04766808093876261,0.005575607871669755,0.001282273279944501,0.31528721815464567
32879862,0.05934874711421552,0.5297275609248826,0.00175007142177175,0.03974607398815651,0.006541659328785508,0.001118632035976294,0.3617672551862118
32755231,0.5196516276822395,0.04754784893626153,0.3204223708398267,0.012667392569903835,0.005597975980464442,0.001285138155931073,0.09282764583537292
32489024,0.5359990630399388,0.05266867721501989,0.014009752161095767,0.3787904736587744,0.002508891612081304,0.010989848339955161,0.00503329397313462
32252784,0.035295222215682334,0.24602258365686755,0.0016801926411457013,0.03401461256941134,0.006833137391502779,0.0012221600592273814,0.674932091466163
32866831,0.008448676765695743,0.014094815932213206,0.5668517661082648,0.006859435197454758,0.2650395383619612,0.13813281647379855,0.0005729511606117055
32643783,0.01442388455388528,0.0639510299325949,0.6208055955314541,0.007396461826490022,0.012949663883679388,0.27990194646725114,0.0005714178046452283
32842277,0.008252514267266716,0.004830225714518706,0.2883006455450368,0.012207865960266897,0.10666712148680998,0.5791360998051054,0.0006055272209954316
32479798,0.037204712544729845,0.012779533045752276,0.6206880869698939,0.010392269962569395,0.004764598981322093,0.3136047946638282,0.0005660038319043932
32432169,0.13671161337394783,0.04159357453321727,0.767517738032261,0.03577663402664186,0.014656932178544657,0.0013218935226435656,0.002421614332743875
32416069,0.19541396469541694,0.6099295974065344,0.006717948398458176,0.017809414770836855,0.005876861912299012,0.0013081199785759151,0.1629440928378787
33036812,0.09590727020037582,0.1624863438172826,0.697151816049894,0.004249714155014751,0.013239783625396568,0.0011680879050293426,0.02579698424700696
32804917,0.18325157378801915,0.07385921058173886,0.0016228832934957632,0.05875964790698872,0.006677797823226872,0.0012125632271284465,0.6746163233794021
32876246,0.005403066870494949,0.006518998749090292,0.5082651468680861,0.0024533901192578494,0.3208982106671177,0.11902108976890968,0.037440096957043444
32826428,0.018655821997713973,0.5377906728047207,0.2815441368874906,0.004019067020704907,0.012557800961670435,0.0011467392997697391,0.14428576102792962
32574896,0.056698241250048256,0.5332978236870117,0.0017684853585225179,0.0385272275261031,0.006712424436016981,0.0011225113108276992,0.36187328643146965
32539346,0.014548251352541019,0.06482269628731706,0.0012879123306555695,0.4951707630748376,0.01756287925255918,0.0010854234952823085,0.4055220742068072
32764148,0.31302097898890674,0.052064979951207714,0.002027261785541482,0.5944981274134292,0.022829512338517738,0.0014614362947627621,0.014097703227634376
