PMID,Treatment,Diagnosis,Prevention,Mechanism,Transmission,Epidemic Forecasting,Case Report
32653511,0.19137449407723908,0.004022447102471594,0.6407588155573649,0.11852048291636837,0.0023373699768052866,0.009725410973481466,0.033260979396269305
32427104,0.19137449407465418,0.00402244710246096,0.6407588155620033,0.11852048291404611,0.0023373699768141297,0.009725410975141912,0.033260979394879424
32605414,0.1913744940768353,0.00402244710244991,0.6407588155586024,0.11852048291552311,0.0023373699768011445,0.009725410973385787,0.03326097939640239
33066278,0.19137449480534172,0.004022447098779441,0.6407588147740773,0.1185204831903652,0.0023373699745486533,0.009725410938963935,0.03326097921792369
32303609,0.19137449407733856,0.004022447102459884,0.6407588155569399,0.11852048291704173,0.0023373699768081254,0.00972541097344495,0.03326097939596677
32974036,0.19137449407556667,0.004022447102466119,0.6407588155611899,0.1185204829151159,0.002337369976805009,0.009725410973354137,0.03326097939550236
32529409,0.19137449407625487,0.004022447102468198,0.6407588155588524,0.11852048291608346,0.0023373699768079116,0.009725410973455478,0.033260979396077736
32854414,0.1913744940736342,0.00402244710245647,0.6407588155653845,0.1185204829136794,0.002337369976852014,0.009725410973272348,0.033260979394721044
32686571,0.19137449407751092,0.004022447102469974,0.6407588155574667,0.11852048291607106,0.002337369976803995,0.009725410973459293,0.033260979396217985
33038592,0.19137449407713655,0.0040224471024710665,0.64075881555744,0.11852048291628003,0.0023373699768054765,0.009725410973480212,0.033260979396386774
33009284,0.19137449407746657,0.004022447102471931,0.6407588155572027,0.11852048291643229,0.002337369976804911,0.009725410973474487,0.03326097939614714
32905055,0.1913744940771608,0.00402244710247234,0.6407588155574837,0.11852048291629638,0.002337369976805657,0.009725410973484455,0.03326097939629666
33058948,0.19137449407894025,0.004022447102448062,0.6407588155553721,0.11852048291743855,0.0023373699767990767,0.009725410973361038,0.03326097939564097
32340900,0.19137449407495793,0.004022447102435313,0.640758815562635,0.1185204829146129,0.0023373699768031906,0.009725410973331499,0.03326097939522414
32419524,0.19137449407904944,0.004022447102464998,0.6407588155562233,0.11852048291593205,0.0023373699768027127,0.009725410973452869,0.033260979396074634
32682788,0.19137449408021795,0.0040224471024550585,0.6407588155540693,0.11852048291756596,0.0023373699767960466,0.009725410973358791,0.03326097939553684
32834600,0.19137449411584964,0.004022447101874452,0.64075881565452,0.11852048283419384,0.0023373699771967,0.009725410967613538,0.033260979348751954
32413736,0.19137449407743387,0.004022447102472662,0.6407588155572844,0.11852048291634762,0.0023373699768051313,0.009725410973476284,0.03326097939618
32655019,0.19137449408013385,0.004022447102449824,0.6407588155545645,0.11852048291695619,0.0023373699767960717,0.009725410973366908,0.03326097939573266
32609622,0.19137449407417534,0.0040224471024609045,0.6407588155641438,0.11852048291466513,0.0023373699768053056,0.009725410973289573,0.03326097939445991
33039295,0.19137449408001378,0.0040224471023938115,0.6407588155602328,0.11852048291204995,0.0023373699767847583,0.009725410973013045,0.03326097939551179
32633327,0.19137449407738508,0.004022447102471093,0.6407588155572632,0.11852048291639539,0.002337369976805086,0.009725410973480106,0.0332609793962
32817232,0.19137449407704135,0.0040224471024911754,0.6407588155576145,0.11852048291635946,0.0023373699768068465,0.00972541097346268,0.0332609793962241
32851612,0.19137449406240267,0.004022447102324529,0.6407588155768973,0.11852048291337439,0.0023373699768028233,0.009725410973320855,0.03326097939487749
32768467,0.19137449407723423,0.004022447102470902,0.640758815557407,0.11852048291626031,0.0023373699768054665,0.009725410973486698,0.03326097939633531
32825763,0.19137449407717586,0.004022447102478086,0.6407588155574913,0.1185204829162781,0.0023373699768058074,0.00972541097348202,0.03326097939628894
32900417,0.19137449407709445,0.0040224471024721,0.6407588155575923,0.1185204829162334,0.002337369976807305,0.009725410973511005,0.033260979396289414
32582741,0.1913744940771746,0.0040224471024723814,0.6407588155574789,0.11852048291629638,0.002337369976806092,0.009725410973481832,0.03326097939628981
32276501,0.19137449407626822,0.004022447102476833,0.6407588155590952,0.11852048291549615,0.002337369976812742,0.00972541097405363,0.03326097939579713
33020069,0.19137449408038842,0.004022447102457284,0.6407588155554654,0.11852048291560088,0.002337369976798938,0.009725410973394442,0.03326097939589471
33010487,0.19137449407702678,0.004022447102472023,0.6407588155577322,0.11852048291624433,0.00233736997680581,0.009725410973477403,0.033260979396241445
33079448,0.19137449407700066,0.00402244710246871,0.6407588155576464,0.1185204829162684,0.002337369976805664,0.00972541097358271,0.03326097939622748
32751841,0.19137449407733342,0.004022447102472192,0.640758815557324,0.11852048291632325,0.002337369976805227,0.009725410973479311,0.03326097939626261
32853469,0.19137449407860416,0.0040224471024656455,0.6407588155565759,0.11852048291600885,0.002337369976803407,0.009725410973461043,0.033260979396081046
32837601,0.1913744940783902,0.004022447102465738,0.640758815557171,0.11852048291571679,0.0023373699768021094,0.009725410973432541,0.03326097939602157
33021869,0.19137449406737,0.004022447102346791,0.6407588155711107,0.1185204829141561,0.0023373699768029664,0.009725410973352921,0.03326097939486057
32641394,0.19137449407179763,0.004022447102449468,0.6407588155676518,0.11852048291304171,0.0023373699768041616,0.009725410973217127,0.03326097939503818
32768938,0.19137449407838686,0.00402244710248421,0.6407588155567638,0.1185204829159213,0.002337369976803299,0.009725410973467985,0.03326097939617244
32398402,0.19137449407701854,0.004022447102470182,0.640758815557822,0.11852048291622334,0.0023373699768047466,0.009725410973459652,0.03326097939620156
32423791,0.19137449407714469,0.0040224471024719426,0.6407588155572616,0.11852048291617538,0.0023373699768047857,0.009725410973464051,0.033260979396677555
32682453,0.19137449407707635,0.004022447102469857,0.6407588155575873,0.11852048291628167,0.002337369976806017,0.009725410973523658,0.03326097939625515
32376612,0.19137449407720994,0.004022447102470249,0.6407588155573521,0.11852048291639328,0.002337369976805568,0.009725410973482427,0.03326097939628638
32970745,0.191374494077268,0.004022447102467737,0.6407588155573327,0.11852048291637356,0.002337369976805145,0.009725410973512025,0.033260979396240835
32839091,0.19137449407715484,0.004022447102497342,0.6407588155577256,0.11852048291616465,0.002337369976806536,0.009725410973473216,0.033260979396177795
32907635,0.19137449408177898,0.004022447102453595,0.6407588155549327,0.11852048291505597,0.002337369976796901,0.009725410973374296,0.03326097939560741
32553873,0.19137449407714882,0.004022447102470824,0.6407588155574238,0.11852048291628378,0.0023373699768054696,0.009725410973483967,0.03326097939638341
32889236,0.19137449407789572,0.004022447102486617,0.640758815556999,0.11852048291646647,0.002337369976804324,0.009725410973450227,0.033260979395897686
32495323,0.19137449407727386,0.004022447102472736,0.6407588155577327,0.1185204829160802,0.002337369976805,0.00972541097344343,0.033260979396192096
32740371,0.19137449407718832,0.004022447102472354,0.6407588155574697,0.1185204829162867,0.0023373699768054917,0.009725410973480493,0.03326097939629698
32805629,0.19137449407697044,0.004022447102469128,0.6407588155581524,0.1185204829159675,0.002337369976806656,0.009725410973480137,0.033260979396153675
32383284,0.1913744940771317,0.004022447102470818,0.6407588155573888,0.11852048291625442,0.0023373699768053507,0.00972541097347003,0.033260979396479005
32407719,0.19137449407722293,0.004022447102471404,0.640758815557699,0.11852048291614396,0.0023373699768052033,0.009725410973441493,0.033260979396216056
32978173,0.1913744940769942,0.004022447102471613,0.6407588155578408,0.11852048291619237,0.0023373699768056274,0.009725410973467085,0.03326097939622831
32750114,0.19137449407712842,0.004022447102494381,0.6407588155576796,0.11852048291619595,0.002337369976806359,0.009725410973472329,0.03326097939622299
32645644,0.19137449407718315,0.004022447102470591,0.6407588155573857,0.1185204829162935,0.002337369976805449,0.00972541097348095,0.033260979396380785
32938609,0.19137449407711385,0.00402244710247149,0.6407588155576579,0.11852048291622333,0.002337369976805518,0.009725410973479471,0.03326097939624854
32792417,0.1913744940782999,0.004022447102468012,0.6407588155569529,0.11852048291588098,0.0023373699768039053,0.009725410973469443,0.03326097939612484
32453483,0.19137449407637494,0.004022447102461079,0.6407588155578927,0.11852048291551096,0.002337369976804185,0.00972541097355698,0.03326097939739916
32831536,0.19137449407707657,0.004022447102471058,0.6407588155573369,0.11852048291620425,0.002337369976805088,0.009725410973466825,0.0332609793966394
33014364,0.1913744941080449,0.004022447102331726,0.6407588155379849,0.11852048290964574,0.002337369976742741,0.00972541097264383,0.03326097939260626
32977564,0.19137449407715573,0.004022447102474662,0.640758815557502,0.11852048291629455,0.00233736997680565,0.009725410973482574,0.033260979396284786
32506762,0.19137449407704402,0.004022447102470269,0.6407588155575471,0.11852048291624509,0.0023373699768055685,0.009725410973479535,0.03326097939640839
32689926,0.1913744940722165,0.004022447102424722,0.6407588155646515,0.11852048291541828,0.0023373699768294218,0.009725410973354963,0.03326097939510465
32578794,0.19137449408139978,0.004022447102495441,0.6407588155548442,0.11852048291517,0.0023373699767950335,0.009725410973282004,0.0332609793960136
32983347,0.1913744940771759,0.004022447102471445,0.6407588155574497,0.11852048291635435,0.0023373699768054353,0.009725410973482758,0.033260979396260416
32328170,0.19137449407659107,0.004022447102470553,0.6407588155577233,0.11852048291629327,0.002337369976803721,0.009725410973458883,0.033260979396659146
33004712,0.19137449407727783,0.004022447102471403,0.6407588155573253,0.118520482916381,0.0023373699768051907,0.009725410973479108,0.03326097939626029
33062082,0.19137449407715684,0.004022447102472876,0.6407588155574461,0.11852048291631678,0.0023373699768057003,0.00972541097348247,0.03326097939631936
32946641,0.1913744940728659,0.0040224471024204195,0.6407588155675488,0.11852048291292205,0.002337369976805352,0.009725410973222243,0.03326097939421517
32411315,0.19137449407704518,0.0040224471024697395,0.6407588155576439,0.1185204829162471,0.0023373699768079125,0.009725410973494839,0.03326097939629121
33000526,0.19137449407667537,0.004022447102465494,0.6407588155558906,0.1185204829152279,0.002337369976802376,0.0097254109731626,0.03326097939977559
32601708,0.1913744940776832,0.00402244710245943,0.6407588155568211,0.11852048291640316,0.00233736997680377,0.009725410973458299,0.03326097939637104
32746913,0.19137449407718266,0.004022447102471908,0.6407588155574695,0.11852048291630775,0.0023373699768057523,0.009725410973482878,0.03326097939627959
32791382,0.19137449407640256,0.004022447102624258,0.6407588155588746,0.11852048291597847,0.0023373699768095375,0.009725410973272397,0.03326097939603818
32517815,0.19137449406032747,0.004022447102263972,0.640758815596118,0.11852048290360315,0.002337369976779983,0.00972541097250874,0.033260979388398636
32179106,0.1913744940770761,0.0040224471024745715,0.6407588155576137,0.11852048291626886,0.0023373699768058274,0.009725410973493156,0.033260979396267654
33046288,0.1913744940762348,0.004022447102464695,0.6407588155594107,0.1185204829156992,0.0023373699768071206,0.009725410973434231,0.033260979395949214
32534042,0.19137449407671367,0.004022447102515607,0.6407588155578419,0.11852048291632436,0.002337369976807343,0.009725410973475231,0.03326097939632182
32889227,0.19137449407668933,0.00402244710246922,0.6407588155579133,0.11852048291628843,0.0023373699768061583,0.009725410973575663,0.03326097939625798
32805566,0.1913744940765377,0.0040224471024726555,0.6407588155575686,0.11852048291709383,0.0023373699768100076,0.009725410973444803,0.03326097939607237
32837145,0.19137449407722557,0.0040224471024755395,0.6407588155574435,0.11852048291628643,0.002337369976805587,0.009725410973481431,0.03326097939628194
32548597,0.19137449407719034,0.004022447102471862,0.6407588155574884,0.11852048291628536,0.00233736997680561,0.009725410973481808,0.033260979396276716
32510748,0.19137449407789328,0.004022447102469099,0.6407588155570692,0.11852048291610195,0.0023373699768043927,0.009725410973461166,0.033260979396200874
32696396,0.1913744940795257,0.004022447102462527,0.640758815555172,0.11852048291703976,0.002337369976798359,0.009725410973370464,0.03326097939563116
33043314,0.1913744940772207,0.0040224471024731395,0.6407588155574714,0.11852048291626698,0.0023373699768055385,0.009725410973482307,0.03326097939627999
32716230,0.19137449407708168,0.004022447102472579,0.6407588155573904,0.11852048291651604,0.0023373699768055754,0.009725410973477313,0.033260979396256315
32094589,0.19137449407774051,0.004022447102407743,0.6407588155524468,0.11852048292226387,0.002337369976788143,0.009725410973240648,0.03326097939511216
32564983,0.19137449406248758,0.004022447102357081,0.6407588155907591,0.11852048290465542,0.002337369976795726,0.009725410972594026,0.033260979390351025
32496252,0.19137449407710241,0.004022447102471539,0.6407588155574432,0.11852048291629187,0.002337369976805572,0.009725410973483254,0.03326097939640215
32642834,0.1913744940775353,0.004022447102471839,0.6407588155572329,0.11852048291624265,0.002337369976805036,0.009725410973478798,0.033260979396233514
32382932,0.19137449407679447,0.004022447102471046,0.6407588155581755,0.11852048291608383,0.002337369976803661,0.009725410973412998,0.03326097939625845
32560665,0.1913744940773882,0.0040224471024736756,0.6407588155572271,0.11852048291645363,0.002337369976804972,0.00972541097347034,0.03326097939618208
33040272,0.19137449407719337,0.004022447102470671,0.6407588155573585,0.11852048291636615,0.002337369976805987,0.009725410973478137,0.033260979396327335
32966822,0.19137449407474993,0.004022447102446135,0.6407588155620342,0.11852048291595423,0.0023373699767980176,0.009725410973291325,0.03326097939472612
33002544,0.19137449407710724,0.004022447102472562,0.640758815557642,0.11852048291623263,0.002337369976806257,0.009725410973480522,0.03326097939625884
32931058,0.191374494077585,0.004022447102464159,0.6407588155569618,0.11852048291651822,0.002337369976803114,0.009725410973520036,0.0332609793961476
33073216,0.19137449407735824,0.004022447102473027,0.6407588155573549,0.11852048291625361,0.0023373699768054488,0.009725410973480012,0.03326097939627465
32880453,0.19137449407730264,0.004022447102487145,0.6407588155576025,0.11852048291616732,0.0023373699768065776,0.009725410973479034,0.03326097939615482
32497283,0.1913744940767485,0.004022447102463091,0.6407588155579559,0.11852048291597628,0.002337369976806104,0.00972541097359802,0.033260979396452194
32778891,0.1913744940792958,0.004022447102466796,0.640758815555827,0.11852048291615921,0.002337369976802298,0.00972541097340859,0.033260979396040155
32762374,0.5390833688312114,0.25964557032610625,0.11963466558674565,0.06631348178320148,0.006640551955902962,0.0013500230992237992,0.007332338417608347
32731282,0.19137449407714366,0.004022447102472096,0.6407588155575236,0.11852048291629842,0.0023373699768057653,0.009725410973482503,0.03326097939627397
32833781,0.19137449407708368,0.004022447102471391,0.6407588155575434,0.11852048291628212,0.002337369976805677,0.009725410973485128,0.03326097939632857
32938349,0.1913744940789018,0.0040224471024693734,0.6407588155562756,0.1185204829158922,0.0023373699768034443,0.009725410973462596,0.03326097939619501
32991329,0.19137449408132176,0.004022447102446939,0.6407588155540869,0.11852048291664012,0.002337369976793254,0.009725410973325103,0.033260979395385956
32799761,0.19137449411662955,0.004022447102148203,0.640758815509954,0.11852048293904109,0.002337369976651974,0.009725410971162196,0.0332609793844131
32719202,0.19137449407723162,0.0040224471024726365,0.6407588155574692,0.11852048291625202,0.002337369976805532,0.009725410973481985,0.033260979396287194
32778622,0.19137449407713886,0.004022447102471996,0.6407588155575797,0.11852048291624687,0.00233736997680556,0.00972541097347897,0.03326097939627805
33032575,0.19137449407704027,0.004022447102469324,0.6407588155574677,0.11852048291630524,0.0023373699768059336,0.00972541097348682,0.033260979396424674
32568724,0.1913744940555724,0.00402244710225504,0.640758815615541,0.11852048289715374,0.0023373699767788208,0.009725410971802007,0.03326097938089702
33062077,0.19137449407784526,0.004022447102476874,0.6407588155571113,0.11852048291615032,0.0023373699768045957,0.009725410973477058,0.033260979396134496
32341622,0.19137449407787216,0.004022447102469249,0.6407588155563329,0.11852048291712192,0.002337369976804511,0.009725410973427452,0.03326097939597188
32565899,0.19137449407722681,0.0040224471024741665,0.6407588155574564,0.11852048291629214,0.002337369976805742,0.009725410973483669,0.03326097939626113
32894859,0.19137449407718488,0.004022447102471819,0.6407588155574442,0.11852048291632641,0.002337369976805669,0.009725410973481717,0.03326097939628531
32905141,0.19137449407518364,0.004022447102469113,0.640758815560125,0.11852048291634207,0.0023373699768051174,0.009725410973421394,0.03326097939565359
32881593,0.19137449407735435,0.004022447102471674,0.6407588155573122,0.1185204829163159,0.002337369976805393,0.009725410973477936,0.0332609793962626
32466392,0.1913744940771425,0.004022447102470572,0.6407588155575397,0.11852048291626302,0.002337369976807022,0.009725410973514318,0.03326097939626294
33077917,0.19137449407691137,0.00402244710246743,0.6407588155573981,0.11852048291609477,0.0023373699768052107,0.009725410973459447,0.033260979396863816
33015823,0.19137449406719234,0.00402244710375412,0.6407588155705934,0.11852048290866116,0.002337369976845552,0.009725410972661221,0.033260979400292226
32462267,0.19137449407829712,0.004022447102467164,0.6407588155564523,0.11852048291641437,0.0023373699768025826,0.009725410973439631,0.033260979396126836
32651900,0.1913744941091771,0.0040224471020772045,0.6407588155185773,0.11852048293449269,0.0023373699766813085,0.009725410971719892,0.03326097938727457
32669540,0.19137449407591983,0.004022447102451635,0.6407588155583428,0.11852048291638514,0.0023373699768078687,0.009725410973922781,0.033260979396169864
32582328,0.19137449407718235,0.00402244710247173,0.6407588155574224,0.11852048291633435,0.0023373699768055073,0.009725410973483395,0.033260979396300364
32894654,0.19137449407722681,0.004022447102473419,0.6407588155574295,0.11852048291614585,0.002337369976805833,0.009725410973474187,0.033260979396444346
32413319,0.19137449411168522,0.004022447102083125,0.6407588155177516,0.1185204829327438,0.0023373699766976014,0.009725410971734535,0.03326097938730412
32750889,0.1913744940834476,0.004022447101931314,0.6407588155309936,0.11852048295064728,0.0023373699768685923,0.009725410971237133,0.03326097938487444
32476574,0.19137449408410584,0.004022447102404483,0.6407588155496905,0.11852048291950201,0.002337369976782539,0.009725410973094477,0.03326097939442006
32708495,0.19137449407718782,0.00402244710247202,0.6407588155575011,0.11852048291626718,0.0023373699768057506,0.00972541097348317,0.03326097939628303
33031467,0.19137449407721252,0.00402244710247192,0.640758815557451,0.11852048291629798,0.0023373699768055776,0.009725410973484058,0.033260979396277056
32981448,0.19137449406548218,0.004022447102409701,0.6407588155936161,0.11852048290123399,0.0023373699767804115,0.009725410971805876,0.03326097938867176
32361692,0.19137449408424784,0.00402244710241327,0.6407588155497335,0.11852048291921831,0.0023373699767819302,0.009725410973187786,0.03326097939441737
32857836,0.19137449407859894,0.004022447102455592,0.6407588155555959,0.11852048291694732,0.002337369976799471,0.009725410973460458,0.033260979396142344
32665962,0.19137449411727625,0.004022447102084985,0.6407588155109485,0.11852048293545744,0.00233736997666604,0.009725410971082963,0.03326097938648379
32964098,0.19137449407730128,0.0040224471024720345,0.6407588155573655,0.11852048291629047,0.00233736997680534,0.00972541097348211,0.03326097939628329
32452670,0.1913744940771882,0.004022447102471368,0.6407588155574366,0.11852048291630099,0.002337369976805454,0.009725410973494114,0.033260979396303215
32234464,0.19137449407735693,0.004022447102479845,0.6407588155574795,0.11852048291611314,0.0023373699768050845,0.009725410973477212,0.03326097939628829
32745177,0.19137449407589763,0.004022447102450431,0.6407588155586529,0.11852048291564002,0.0023373699768042336,0.009725410973412407,0.033260979397142454
32963090,0.19137449407723942,0.004022447102471244,0.6407588155573799,0.11852048291635749,0.0023373699768055637,0.00972541097348156,0.03326097939626489
32835294,0.1913744940769316,0.004022447102461394,0.6407588155573747,0.11852048291620054,0.0023373699768055186,0.009725410973472471,0.03326097939675387
32880722,0.1913744940727403,0.004022447102447742,0.6407588155691806,0.11852048291210782,0.002337369976802626,0.009725410973185496,0.033260979393535464
32899439,0.19137449407544457,0.004022447102456025,0.6407588155579058,0.11852048291814535,0.002337369976824773,0.0097254109733933,0.03326097939583025
33009081,0.19137449407712373,0.004022447102470456,0.6407588155574124,0.11852048291627784,0.0023373699768054956,0.00972541097348374,0.0332609793964264
32697126,0.1913744940943966,0.004022447102079597,0.6407588156115378,0.11852048287286329,0.0023373699766706586,0.009725410970014253,0.033260979372437764
32908494,0.19137449407821058,0.00402244710246406,0.6407588155564776,0.11852048291646078,0.002337369976802583,0.009725410973440096,0.033260979396144336
32837878,0.19137449406333726,0.00402244710226733,0.6407588155521283,0.11852048290658028,0.002337369976774151,0.00972541097206733,0.033260979426845354
32887592,0.1913744940772039,0.00402244710247283,0.6407588155575168,0.11852048291626179,0.0023373699768054644,0.009725410973479873,0.033260979396259514
33045235,0.1913744940770194,0.004022447102470468,0.6407588155577535,0.11852048291622878,0.0023373699768054644,0.009725410973478269,0.03326097939624402
32728975,0.19137449407760426,0.004022447102484172,0.6407588155570821,0.11852048291644979,0.0023373699768049726,0.009725410973464282,0.03326097939611035
32541245,0.19137449407844792,0.0040224471024563075,0.6407588155556811,0.11852048291726902,0.002337369976800911,0.009725410973400645,0.03326097939594396
32394481,0.19137449407767138,0.004022447102471463,0.6407588155571128,0.11852048291622523,0.0023373699768049296,0.00972541097347334,0.03326097939624083
32656888,0.1913744940776247,0.004022447102470942,0.6407588155571023,0.11852048291639809,0.002337369976804523,0.009725410973474794,0.033260979396124685
32216114,0.1913744940797824,0.004022447102396113,0.6407588155499406,0.11852048292359849,0.0023373699767790896,0.009725410973120957,0.03326097939438234
32562912,0.19137449407720766,0.004022447102472107,0.6407588155574233,0.11852048291630786,0.0023373699768055034,0.00972541097348457,0.033260979396298865
33001577,0.19137449407126164,0.0040224471026268,0.6407588155560907,0.1185204829081105,0.0023373699768088852,0.009725410972730488,0.033260979412370974
32973814,0.1913744940781154,0.0040224471024632395,0.6407588155565069,0.11852048291665873,0.0023373699768025782,0.009725410973431653,0.033260979396021545
32874906,0.19137449408240076,0.004022447102432639,0.6407588155539009,0.11852048291525741,0.0023373699767937706,0.009725410973413706,0.03326097939580091
32758864,0.19137449407648505,0.004022447102472729,0.6407588155589898,0.11852048291603197,0.0023373699768072216,0.009725410973378496,0.033260979395834694
32616763,0.19137449408059162,0.004022447102433544,0.6407588155530118,0.11852048291872785,0.0023373699767910384,0.009725410973224635,0.033260979395219485
32870239,0.1913744940768506,0.004022447102472472,0.64075881555744,0.1185204829168236,0.0023373699768070378,0.009725410973461692,0.03326097939614466
32590819,0.19137449407736157,0.004022447102466091,0.6407588155571101,0.11852048291655941,0.002337369976804419,0.009725410973473167,0.03326097939622518
32951577,0.1913744940779406,0.004022447102470768,0.6407588155567386,0.11852048291651558,0.0023373699768041017,0.00972541097344721,0.03326097939608314
32340583,0.19137449407723367,0.004022447102472527,0.6407588155574212,0.11852048291629311,0.002337369976805564,0.009725410973483102,0.03326097939629076
32605780,0.1913744940772975,0.004022447102471573,0.6407588155573438,0.1185204829163156,0.0023373699768052376,0.009725410973482573,0.03326097939628368
32415348,0.19137449406923956,0.00402244710241195,0.6407588155700175,0.11852048291289641,0.0023373699768050185,0.009725410973191743,0.03326097939543788
32654885,0.1913744940771806,0.0040224471024717014,0.6407588155574833,0.11852048291628914,0.002337369976805756,0.009725410973481377,0.03326097939628815
32589645,0.19137449407706533,0.00402244710247025,0.6407588155574794,0.11852048291630082,0.0023373699768057792,0.009725410973483718,0.03326097939639487
32427529,0.19137449402129952,0.004022447102078103,0.6407588157083379,0.11852048286493744,0.002337369976756656,0.00972541096944357,0.033260979357146774
32453494,0.1913744940787519,0.004022447102465553,0.6407588155553402,0.11852048291741135,0.002337369976797481,0.009725410973398622,0.033260979395834916
32187464,0.1913744940787622,0.0040224471024648744,0.6407588155564975,0.11852048291594267,0.0023373699768023293,0.009725410973440828,0.03326097939608967
32733733,0.19137449407718143,0.004022447102471344,0.640758815557407,0.11852048291633457,0.002337369976805504,0.009725410973483003,0.033260979396317156
32360733,0.19137449407718576,0.004022447102471853,0.6407588155574533,0.1185204829162922,0.0023373699768055958,0.009725410973486009,0.03326097939630535
32703816,0.19137449407717283,0.004022447102480315,0.6407588155574502,0.11852048291629072,0.00233736997680599,0.009725410973481743,0.03326097939631815
33015424,0.19137449407585197,0.004022447102458181,0.6407588155595368,0.11852048291554951,0.0023373699768135204,0.009725410973868327,0.03326097939592159
32316979,0.19137449407609702,0.004022447102446608,0.6407588155596372,0.11852048291543915,0.002337369976800424,0.00972541097346864,0.03326097939611102
32837568,0.19137449407735824,0.004022447102473027,0.6407588155573549,0.11852048291625361,0.0023373699768054488,0.009725410973480012,0.03326097939627465
32654921,0.19137449407728618,0.0040224471024697785,0.6407588155572984,0.11852048291635416,0.002337369976805083,0.009725410973480713,0.03326097939630564
32529517,0.19137449407719095,0.0040224471024697004,0.6407588155573494,0.1185204829164177,0.002337369976805603,0.009725410973482283,0.03326097939628433
32405329,0.19137449407681223,0.004022447102464665,0.6407588155571309,0.11852048291596148,0.0023373699768041664,0.009725410973460467,0.03326097939736597
32656711,0.1913744940869442,0.004022447102427438,0.6407588155515137,0.11852048291415876,0.002337369976790469,0.009725410973320787,0.03326097939484464
32442287,0.19137449407797374,0.004022447102466695,0.6407588155562804,0.11852048291703995,0.002337369976802354,0.009725410973418393,0.03326097939601837
32862111,0.191374494083351,0.004022447102446722,0.6407588155538809,0.11852048291478443,0.0023373699767939094,0.009725410973333102,0.03326097939540995
32425489,0.19137449404527732,0.004022447102020618,0.6407588155456256,0.11852048289379062,0.002337369976736865,0.009725410970580852,0.033260979465968135
32712629,0.19137449411213323,0.004022447102344011,0.6407588155186346,0.11852048293230202,0.002337369976695831,0.009725410971797868,0.03326097938609255
32290644,0.1913744940773237,0.004022447102476882,0.6407588155574518,0.11852048291616427,0.0023373699768048954,0.009725410973479068,0.033260979396299406
32445872,0.19137449416131305,0.004022447101680848,0.6407588154494935,0.11852048297088047,0.002337369976654914,0.009725410966938701,0.03326097937303831
32376392,0.1913744940808449,0.004022447102440189,0.6407588155536839,0.11852048291783732,0.0023373699767941314,0.009725410973292825,0.033260979395106936
32595353,0.19137449407761215,0.004022447102472035,0.6407588155569927,0.11852048291651747,0.0023373699768042405,0.009725410973462629,0.033260979396138944
32489708,0.1913744940779572,0.004022447102460562,0.6407588155561887,0.11852048291713593,0.0023373699768020756,0.009725410973419987,0.03326097939603551
32607399,0.191374494078186,0.004022447102474102,0.6407588155569305,0.11852048291605947,0.002337369976803461,0.009725410973459308,0.03326097939608717
32785710,0.19137449407764254,0.0040224471024692945,0.6407588155572641,0.11852048291614137,0.0023373699768049756,0.009725410973474206,0.03326097939620361
32449043,0.19137449407635168,0.004022447102470116,0.6407588155589217,0.1185204829159302,0.0023373699768062715,0.009725410973453747,0.033260979396066315
33043967,0.19137449407891638,0.004022447102417669,0.6407588155531834,0.11852048292042139,0.0023373699768026515,0.009725410973257955,0.03326097939500063
32791999,0.19137449407678436,0.004022447102466623,0.640758815557822,0.1185204829162025,0.0023373699768112475,0.009725410973797134,0.033260979396116094
32617527,0.1913744940805015,0.004022447102447863,0.6407588155540425,0.11852048291749387,0.0023373699767950617,0.009725410973308013,0.03326097939541119
32508193,0.19137449407708368,0.004022447102475119,0.6407588155574443,0.1185204829164552,0.002337369976805796,0.009725410973480586,0.03326097939625528
32388565,0.19137449408021065,0.004022447102440613,0.6407588155535625,0.11852048291790865,0.0023373699767936145,0.00972541097329115,0.03326097939579274
32873749,0.19137449433002704,0.004022447101448433,0.6407588154525332,0.11852048282945153,0.002337369976219137,0.009725410965269616,0.03326097934505103
32889160,0.19137449407287624,0.00402244710242589,0.6407588155702184,0.11852048290963926,0.0023373699767743243,0.00972541097653913,0.03326097939152685
32265088,0.19137449407712565,0.004022447102471684,0.6407588155574753,0.11852048291626147,0.002337369976805456,0.00972541097347841,0.033260979396382076
32986819,0.19137449407715545,0.004022447102473193,0.6407588155574555,0.11852048291627659,0.002337369976805565,0.009725410973481358,0.033260979396352544
33065354,0.19137449407707166,0.004022447102469149,0.640758815557572,0.11852048291622416,0.002337369976805494,0.009725410973479199,0.03326097939637839
32419658,0.1913744940741451,0.004022447102466714,0.6407588155634855,0.11852048291485522,0.0023373699768056604,0.009725410973413045,0.03326097939482867
32629915,0.1913744940802423,0.004022447102441424,0.6407588155564736,0.11852048291461803,0.0023373699767941384,0.009725410973305863,0.03326097939612455
32329879,0.1913744940778577,0.004022447102467626,0.6407588155568671,0.11852048291632249,0.0023373699768042696,0.009725410973463394,0.03326097939621746
32970384,0.19137449407722204,0.004022447102474758,0.6407588155574675,0.11852048291625775,0.0023373699768055164,0.009725410973479346,0.033260979396293175
32565632,0.1913744940773194,0.004022447102460838,0.640758815561205,0.11852048291412534,0.0023373699768009593,0.009725410972890116,0.03326097939519848
32699574,0.19137449407743296,0.004022447102471316,0.6407588155573617,0.11852048291622372,0.0023373699768050537,0.009725410973476371,0.03326097939622897
32804597,0.1913744940892123,0.0040224471023533655,0.6407588155431378,0.11852048292295689,0.002337369976754906,0.009725410972771322,0.033260979392813236
33015939,0.19137449407717044,0.004022447102471892,0.6407588155574409,0.11852048291630449,0.0023373699768054856,0.009725410973482703,0.03326097939632407
32791497,0.1913744940774303,0.004022447102471149,0.6407588155572951,0.1185204829162694,0.002337369976805585,0.009725410973479865,0.033260979396248766
33029489,0.19137449407607357,0.004022447102580694,0.6407588155590458,0.11852048291557041,0.002337369976811834,0.009725410973430618,0.033260979396487145
32588067,0.191374494077256,0.004022447102472048,0.6407588155573929,0.11852048291629118,0.0023373699768054626,0.009725410973483974,0.03326097939629845
32485164,0.19137449407749488,0.004022447102463441,0.640758815556379,0.11852048291733834,0.002337369976804334,0.009725410973386823,0.033260979396133254
32979425,0.19137449407783141,0.004022447102489038,0.6407588155572618,0.11852048291597042,0.002337369976805495,0.009725410973478024,0.03326097939616378
32455777,0.1913744940772324,0.00402244710247208,0.6407588155574697,0.1185204829162613,0.002337369976805325,0.009725410973482469,0.03326097939627679
32910826,0.1913744940741675,0.004022447102410996,0.6407588155595806,0.11852048291477227,0.00233736997681863,0.009725410973920356,0.03326097939832965
32941418,0.1913744940770192,0.00402244710247002,0.6407588155574409,0.1185204829163029,0.002337369976805256,0.009725410973476187,0.033260979396485604
32802755,0.1913744940772073,0.004022447102472118,0.6407588155574971,0.1185204829162924,0.0023373699768055047,0.009725410973481957,0.03326097939624356
32369191,0.19137449407742607,0.004022447102470494,0.6407588155572588,0.11852048291630898,0.002337369976805044,0.009725410973478803,0.03326097939625179
32925756,0.19137449409480628,0.004022447102406833,0.6407588155474282,0.11852048291155681,0.002337369976773691,0.009725410973076894,0.03326097939395137
32618839,0.1913744940770794,0.004022447102468238,0.6407588155570052,0.11852048291595137,0.002337369976804162,0.009725410973393151,0.03326097939729855
32648289,0.19137449407592402,0.0040224471024655085,0.6407588155604117,0.11852048291545254,0.0023373699768031502,0.009725410973344048,0.033260979395598904
32905851,0.19137449407870852,0.004022447102461633,0.6407588155555131,0.11852048291739392,0.0023373699768023336,0.009725410973386977,0.03326097939573358
32678728,0.19137449407677234,0.004022447102483435,0.640758815558016,0.11852048291595355,0.0023373699768086224,0.009725410973578685,0.03326097939638733
33045354,0.19137449407715862,0.004022447102469649,0.6407588155574584,0.11852048291634532,0.002337369976805249,0.009725410973479018,0.033260979396283696
32312021,0.19137449407695317,0.004022447102472159,0.6407588155577196,0.11852048291627562,0.002337369976805596,0.009725410973518565,0.0332609793962553
32198163,0.19137449408073787,0.004022447102432698,0.6407588155531465,0.11852048291834097,0.0023373699767938487,0.009725410973255307,0.03326097939529278
32519768,0.1913744940812234,0.004022447102505745,0.640758815554123,0.11852048291769438,0.0023373699767938127,0.009725410973138041,0.03326097939452173
32920162,0.19137449407753018,0.004022447102469086,0.6407588155570688,0.11852048291646437,0.002337369976804291,0.009725410973466849,0.03326097939619642
33062500,0.1913744941004524,0.004022447102379157,0.6407588155430309,0.11852048291107112,0.002337369976774202,0.009725410973015467,0.033260979393276664
32562665,0.19137449407685697,0.004022447102465486,0.640758815557425,0.11852048291599455,0.002337369976805155,0.009725410973457896,0.033260979396994954
32653423,0.19137449407703344,0.004022447102469172,0.6407588155573738,0.1185204829160971,0.0023373699768051005,0.009725410973462596,0.03326097939675879
32285293,0.19137449408020785,0.004022447102436017,0.6407588155534015,0.11852048291848549,0.00233736997679406,0.009725410973289435,0.03326097939538565
32851129,0.191374494077225,0.004022447102470787,0.640758815557384,0.11852048291633391,0.0023373699768052926,0.009725410973482392,0.033260979396298546
33040422,0.19137449407676105,0.004022447102472082,0.6407588155584281,0.11852048291592066,0.002337369976806664,0.009725410973446414,0.03326097939616503
32533777,0.1913744940772783,0.004022447102470826,0.6407588155573294,0.11852048291634185,0.0023373699768052063,0.009725410973479356,0.033260979396295104
32717807,0.19137449408562107,0.00402244710237709,0.6407588155455499,0.11852048292376853,0.0023373699767659985,0.009725410972850868,0.03326097939306656
32350632,0.19137449407736165,0.004022447102470424,0.6407588155572513,0.11852048291638691,0.0023373699768051972,0.009725410973477325,0.03326097939624714
32747155,0.1913744940770341,0.004022447102468863,0.6407588155574748,0.11852048291620376,0.002337369976805062,0.009725410973481893,0.03326097939653148
32697346,0.1913744940768658,0.004022447102473937,0.6407588155573125,0.11852048291688817,0.0023373699768052788,0.009725410973462838,0.033260979396191395
32979342,0.1913744940774531,0.004022447102463867,0.6407588155570207,0.11852048291662658,0.002337369976804335,0.009725410973473124,0.03326097939615836
32756549,0.19137449419932082,0.004022447101105634,0.640758815410653,0.11852048298430078,0.0023373699762813077,0.00972541096606758,0.03326097936227086
32844713,0.19137449407847412,0.004022447102466967,0.6407588155564372,0.1185204829162029,0.0023373699768031732,0.009725410973457516,0.03326097939615806
32662333,0.19137449410193455,0.00402244710227192,0.640758815529727,0.11852048292853286,0.002337369976697436,0.009725410971999152,0.033260979388837056
32203970,0.191374494077152,0.0040224471024708315,0.6407588155574547,0.11852048291629613,0.0023373699768054743,0.009725410973482281,0.03326097939633853
32879862,0.19137449404970958,0.004022447103855747,0.6407588155734301,0.11852048289566985,0.0023373699768467677,0.009725410971818019,0.03326097942866992
32755231,0.1913744940772431,0.004022447102472276,0.6407588155574453,0.11852048291627171,0.00233736997680548,0.009725410973483187,0.033260979396278895
32489024,0.19137449407796497,0.00402244710246063,0.6407588155563362,0.11852048291694946,0.002337369976801487,0.009725410973433815,0.03326097939605355
32252784,0.19137449405727716,0.004022447104332773,0.6407588155715934,0.11852048288689103,0.002337369976893812,0.009725410972101011,0.03326097943091089
32866831,0.1913744940770597,0.0040224471024711125,0.6407588155576313,0.11852048291623189,0.002337369976805985,0.009725410973493125,0.03326097939630701
32643783,0.19137449407717935,0.004022447102472564,0.6407588155574689,0.11852048291630135,0.002337369976805579,0.009725410973489505,0.033260979396282725
32842277,0.19137449404529833,0.004022447102365502,0.6407588156203712,0.11852048288656503,0.00233736997692758,0.009725410992619853,0.033260979375852595
32479798,0.1913744940931247,0.004022447102337142,0.640758815560992,0.11852048290789777,0.002337369976755294,0.009725410972587206,0.033260979386305886
32432169,0.19137449407692503,0.004022447102471355,0.6407588155581883,0.11852048291602471,0.002337369976804888,0.009725410973439201,0.03326097939614654
32416069,0.19137449407672472,0.0040224471027379555,0.640758815560069,0.11852048291473882,0.0023373699768146133,0.009725410973366827,0.033260979395548174
33036812,0.19137449407676294,0.004022447102494356,0.6407588155581209,0.11852048291614055,0.002337369976806302,0.009725410973468575,0.033260979396206425
32804917,0.19137449407717697,0.004022447102467798,0.6407588155573033,0.11852048291629906,0.0023373699768047566,0.00972541097347831,0.033260979396469735
32876246,0.19137449407719268,0.004022447102472681,0.640758815557474,0.11852048291626238,0.0023373699768057254,0.009725410973480786,0.03326097939631174
32826428,0.19137449407717544,0.004022447102473427,0.640758815557449,0.11852048291629143,0.002337369976805605,0.009725410973482796,0.033260979396322346
32574896,0.19137449407962287,0.004022447102495974,0.6407588155559096,0.11852048291549604,0.0023373699768010677,0.009725410973436665,0.03326097939623775
32539346,0.1913744940771717,0.004022447102470941,0.640758815557419,0.11852048291631571,0.0023373699768053863,0.009725410973482982,0.03326097939633433
32764148,0.1913744941166762,0.004022447102004135,0.6407588155082278,0.11852048294164577,0.002337369976650194,0.009725410971127038,0.03326097938366883
32445512,0.1913744940770251,0.004022447102459956,0.6407588155575341,0.11852048291628026,0.002337369976805806,0.009725410973914913,0.03326097939597986
32617968,0.19137449407723028,0.004022447102478246,0.6407588155575806,0.11852048291622141,0.0023373699768053143,0.009725410973472404,0.03326097939621172
